eV	Coeff1	Coeff2	Coeff3	Coeff4	Coeff5	Coeff6
1e-05	-1.1674e-14	-1.01123e-16	-1.82863e-17	3.03417e-17	-3.10313e-18	3.93859e-18
2e-05	-2.32313e-14	-6.95489e-17	-2.62104e-17	-6.63725e-18	-6.20626e-18	2.8883e-17
5e-05	-5.8244e-14	-6.78422e-17	-2.98676e-17	2.6549e-17	6.20626e-18	3.93859e-17
0.0001	-1.16403e-13	-7.04022e-17	-2.37722e-17	3.22381e-17	6.20626e-18	9.19004e-18
0.0002	-2.32602e-13	-9.94165e-17	-3.77917e-17	2.46526e-17	2.79282e-17	1.70672e-17
0.0005	-5.81787e-13	-1.05817e-16	-3.96203e-17	5.12016e-17	0.0	2.10058e-17
0.001	-1.1637e-12	-9.04562e-17	1.341e-17	1.99117e-17	1.55156e-17	2.23187e-17
0.002	-2.32728e-12	-7.89358e-17	-4.38871e-17	3.50826e-17	9.30939e-18	2.36315e-17
0.005	-5.81835e-12	-1.25871e-16	-1.76768e-17	2.93935e-17	3.25829e-17	-1.31286e-18
0.01	-1.16365e-11	-1.0795e-16	-5.30303e-17	4.64607e-17	1.39641e-17	1.57544e-17
0.0253	-2.94404e-11	-1.28431e-16	-2.68199e-17	4.07717e-17	7.75782e-18	3.93859e-18
0.1	-1.16365e-10	-8.61895e-17	-4.87635e-18	1.51709e-17	0.0	1.57544e-17
0.2	-2.3273e-10	-5.03483e-17	-3.04772e-17	1.32745e-17	2.79282e-17	2.10058e-17
0.5	-5.81824e-10	-1.06244e-16	9.14318e-18	5.215e-17	3.10314e-18	1.18158e-17
1.0	-1.163648e-09	-9.94172e-17	-4.4497e-17	4.74092e-17	9.30945e-18	1.96931e-17
2.0	-2.327292e-09	-1.5062e-16	-1.09719e-17	4.4565e-17	1.24127e-17	1.57546e-17
5.0	-5.818204e-09	-6.6991e-17	-3.53547e-17	2.18088e-17	1.86194e-17	1.31291e-17
10.0	-1.163632e-08	-6.61398e-17	-1.40204e-17	1.13789e-17	1.08617e-17	1.18165e-17
20.0	-2.327232e-08	1.58319e-16	5.1818e-17	2.37076e-17	3.10354e-18	2.62607e-18
50.0	-5.817832e-08	1.53826e-15	8.65837e-17	-9.48491e-18	3.10415e-17	1.05064e-17
100.0	-1.163485e-07	6.95947e-15	1.00031e-16	-2.94129e-17	6.36561e-17	2.62745e-18
200.0	-2.326642e-07	2.89931e-14	2.43528e-16	-8.16508e-17	1.04092e-16	-4.20669e-17
500.0	-5.814162e-07	1.8229e-13	6.14608e-16	-2.67315e-16	2.45954e-16	-1.27767e-16
1000.0	-1.16202e-06	7.15456e-13	1.20195e-15	-5.65493e-16	4.56038e-16	-2.66943e-16
2000.0	-2.320802e-06	2.72456e-12	1.90331e-15	-1.13116e-15	9.6047e-16	-5.83924e-16
3000.0	-3.476361e-06	5.80892e-12	1.74346e-15	-1.70506e-15	1.3907e-15	-8.66158e-16
4000.0	-4.628714e-06	9.7516e-12	7.94438e-17	-2.28184e-15	1.85661e-15	-1.16678e-15
5000.0	-5.777875e-06	1.43367e-11	-3.40257e-15	-2.84425e-15	2.28665e-15	-1.45759e-15
6000.0	-6.923857e-06	1.93496e-11	-9.25094e-15	-3.44854e-15	2.78001e-15	-1.75469e-15
7000.0	-8.066676e-06	2.45766e-11	-1.80057e-14	-3.97734e-15	3.20956e-15	-2.04302e-15
8000.0	-9.206345e-06	2.98054e-11	-3.01243e-14	-4.56079e-15	3.66379e-15	-2.32925e-15
9000.0	-1.034288e-05	3.48246e-11	-4.60673e-14	-5.14706e-15	4.11348e-15	-2.62855e-15
10000.0	-1.147629e-05	3.9424e-11	-6.63724e-14	-5.69869e-15	4.56174e-15	-2.91453e-15
12000.0	-1.37338e-05	4.65283e-11	-1.22227e-13	-6.85288e-15	5.44506e-15	-3.51744e-15
14000.0	-1.597899e-05	4.94588e-11	-2.01684e-13	-7.95874e-15	6.35639e-15	-4.08507e-15
16000.0	-1.821196e-05	4.65737e-11	-3.09092e-13	-9.05592e-15	7.2257e-15	-4.67793e-15
18000.0	-2.043283e-05	3.62483e-11	-4.48712e-13	-1.01537e-14	8.11659e-15	-5.23924e-15
20000.0	-2.264169e-05	1.68751e-11	-6.24962e-13	-1.12342e-14	8.98702e-15	-5.79263e-15
22000.0	-2.483865e-05	-1.31366e-11	-8.42324e-13	-1.23277e-14	9.87281e-15	-6.36139e-15
24000.0	-2.702382e-05	-5.53608e-11	-1.10529e-12	-1.33897e-14	1.07183e-14	-6.92741e-15
26000.0	-2.91973e-05	-1.11355e-10	-1.41865e-12	-1.44503e-14	1.16047e-14	-7.48253e-15
28000.0	-3.135918e-05	-1.8266e-10	-1.78685e-12	-1.54786e-14	1.24469e-14	-8.05233e-15
30000.0	-3.350958e-05	-2.70802e-10	-2.2149e-12	-1.64988e-14	1.32779e-14	-8.59465e-15
35000.0	-3.883596e-05	-5.74681e-10	-3.57852e-12	-1.90294e-14	1.54153e-14	-9.9747e-15
40000.0	-4.409267e-05	-1.016332e-09	-5.42402e-12	-2.14051e-14	1.75016e-14	-1.13023e-14
45000.0	-4.928122e-05	-1.618313e-09	-7.83201e-12	-2.36388e-14	1.95426e-14	-1.26363e-14
50000.0	-5.440306e-05	-2.402603e-09	-1.08859e-11	-2.56756e-14	2.15653e-14	-1.39521e-14
55000.0	-5.945963e-05	-3.390617e-09	-1.46714e-11	-2.74934e-14	2.35905e-14	-1.52465e-14
60000.0	-6.44523e-05	-4.603223e-09	-1.92771e-11	-2.89971e-14	2.55568e-14	-1.65544e-14
65000.0	-6.938244e-05	-6.060758e-09	-2.47937e-11	-3.02566e-14	2.75327e-14	-1.77913e-14
70000.0	-7.425139e-05	-7.78304e-09	-3.13146e-11	-3.10564e-14	2.94591e-14	-1.90442e-14
75000.0	-7.906043e-05	-9.789385e-09	-3.89353e-11	-3.13643e-14	3.1373e-14	-2.03028e-14
80000.0	-8.381084e-05	-1.209862e-08	-4.77535e-11	-3.1183e-14	3.31893e-14	-2.14958e-14
85000.0	-8.850385e-05	-1.47291e-08	-5.78693e-11	-3.03251e-14	3.50796e-14	-2.27158e-14
90000.0	-9.314068e-05	-1.769871e-08	-6.93847e-11	-2.88279e-14	3.6931e-14	-2.38997e-14
95000.0	-9.772252e-05	-2.10249e-08	-8.24038e-11	-2.64819e-14	3.87081e-14	-2.50416e-14
100000.0	-0.0001022505	-2.472465e-08	-9.70327e-11	-2.31553e-14	4.04868e-14	-2.62146e-14
110000.0	-0.0001111495	-3.331078e-08	-1.31554e-10	-1.33051e-14	4.40083e-14	-2.85057e-14
120000.0	-0.0001198464	-4.358478e-08	-1.73834e-10	1.81491e-15	4.74578e-14	-3.07288e-14
130000.0	-0.0001283496	-5.566809e-08	-2.24788e-10	2.3453e-14	5.08149e-14	-3.28943e-14
140000.0	-0.0001366672	-6.967613e-08	-2.85357e-10	5.29696e-14	5.40996e-14	-3.50124e-14
150000.0	-0.0001448067	-8.571871e-08	-3.56506e-10	9.1919e-14	5.72977e-14	-3.70889e-14
160000.0	-0.0001527756	-1.039003e-07	-4.39226e-10	1.42079e-13	6.04493e-14	-3.91015e-14
170000.0	-0.000160581	-1.243201e-07	-5.34528e-10	2.05327e-13	6.35257e-14	-4.1094e-14
180000.0	-0.0001682296	-1.470727e-07	-6.43445e-10	2.83822e-13	6.65596e-14	-4.3024e-14
190000.0	-0.0001757278	-1.722479e-07	-7.6703e-10	3.7985e-13	6.95286e-14	-4.49126e-14
200000.0	-0.000183082	-1.999313e-07	-9.06354e-10	4.96011e-13	7.24668e-14	-4.67556e-14
220000.0	-0.0001973816	-2.631439e-07	-1.236595e-09	7.99758e-13	7.82016e-14	-5.03458e-14
240000.0	-0.0002111735	-3.373146e-07	-1.643075e-09	1.21966e-12	8.3797e-14	-5.37851e-14
260000.0	-0.000224499	-4.229897e-07	-2.134942e-09	1.78404e-12	8.93639e-14	-5.70931e-14
280000.0	-0.0002373966	-5.206634e-07	-2.721555e-09	2.52502e-12	9.48876e-14	-6.02762e-14
300000.0	-0.0002499016	-6.307819e-07	-3.41246e-09	3.47882e-12	1.00489e-13	-6.33224e-14
320000.0	-0.0002620469	-7.537477e-07	-4.217375e-09	4.68587e-12	1.06214e-13	-6.62852e-14
340000.0	-0.000273863	-8.899236e-07	-5.146165e-09	6.19084e-12	1.12159e-13	-6.91361e-14
360000.0	-0.000285378	-1.039636e-06	-6.208828e-09	8.043e-12	1.18442e-13	-7.18778e-14
380000.0	-0.0002966183	-1.203178e-06	-7.415482e-09	1.02962e-11	1.25174e-13	-7.45254e-14
400000.0	-0.0003076081	-1.380812e-06	-8.776345e-09	1.3009e-11	1.32454e-13	-7.70889e-14
420000.0	-0.0003183702	-1.572772e-06	-1.030173e-08	1.62449e-11	1.40501e-13	-7.95733e-14
440000.0	-0.0003289258	-1.779266e-06	-1.200203e-08	2.00725e-11	1.49399e-13	-8.19664e-14
460000.0	-0.0003392946	-2.000479e-06	-1.388771e-08	2.45654e-11	1.59389e-13	-8.42941e-14
480000.0	-0.0003494949	-2.236572e-06	-1.596929e-08	2.98026e-11	1.70661e-13	-8.6542e-14
500000.0	-0.000359544	-2.487689e-06	-1.825734e-08	3.58684e-11	1.83457e-13	-8.87292e-14
550000.0	-0.0003841076	-3.181972e-06	-2.495062e-08	5.5261e-11	2.23787e-13	-9.38422e-14
600000.0	-0.0004080469	-3.972346e-06	-3.316775e-08	8.19679e-11	2.79972e-13	-9.85255e-14
650000.0	-0.0004315517	-4.859717e-06	-4.307654e-08	1.17777e-10	3.57923e-13	-1.02759e-13
700000.0	-0.0004547834	-5.844524e-06	-5.484526e-08	1.64717e-10	4.64886e-13	-1.06422e-13
750000.0	-0.0004778799	-6.926807e-06	-6.864221e-08	2.25063e-10	6.0967e-13	-1.09479e-13
800000.0	-0.0005009592	-8.106276e-06	-8.463549e-08	3.01353e-10	8.02695e-13	-1.11759e-13
850000.0	-0.0005241224	-9.382358e-06	-1.029927e-07	3.96388e-10	1.05638e-12	-1.13095e-13
900000.0	-0.0005474563	-1.075425e-05	-1.238806e-07	5.13248e-10	1.38518e-12	-1.13248e-13
950000.0	-0.0005710355	-1.222092e-05	-1.474653e-07	6.55297e-10	1.80581e-12	-1.11901e-13
1000000.0	-0.0005949241	-1.37812e-05	-1.739117e-07	8.26192e-10	2.33759e-12	-1.08658e-13
1100000.0	-0.0006438425	-1.71771e-05	-2.360433e-07	1.270662e-09	3.82498e-12	-9.46691e-14
1200000.0	-0.0006945653	-2.092982e-05	-3.115701e-07	1.88208e-09	6.05917e-12	-6.64083e-14
1300000.0	-0.0007473521	-2.502567e-05	-4.017639e-07	2.701052e-09	9.30571e-12	-1.72235e-14
1400000.0	-0.0008023906	-2.944984e-05	-5.078719e-07	3.773611e-09	1.38914e-11	6.18766e-14
1500000.0	-0.0008598134	-3.418663e-05	-6.311154e-07	5.151432e-09	2.02118e-11	1.82739e-13
1600000.0	-0.0009197107	-3.921969e-05	-7.726886e-07	6.892053e-09	2.87395e-11	3.60427e-13
1700000.0	-0.0009821394	-4.453217e-05	-9.33758e-07	9.059075e-09	4.00319e-11	6.14177e-13
1800000.0	-0.00104713	-5.010688e-05	-1.115462e-06	1.172236e-08	5.47398e-11	9.67731e-13
1900000.0	-0.001114694	-5.592634e-05	-1.31891e-06	1.495823e-08	7.3616e-11	1.45037e-12
2000000.0	-0.001184825	-6.19729e-05	-1.545183e-06	1.884963e-08	9.75237e-11	2.09769e-12
2200000.0	-0.001332704	-7.467609e-05	-2.070384e-06	2.896495e-08	1.64494e-10	4.06558e-12
2400000.0	-0.001490512	-8.807343e-05	-2.699131e-06	4.287077e-08	2.6511e-10	7.31839e-12
2600000.0	-0.001657886	-0.0001020217	-3.439029e-06	6.148568e-08	4.11178e-10	1.24706e-11
2800000.0	-0.001834403	-0.0001163783	-4.297226e-06	8.584875e-08	6.17152e-10	2.03452e-11
3000000.0	-0.002019599	-0.0001310016	-5.280414e-06	1.171233e-07	9.00424e-10	3.20204e-11
3200000.0	-0.002212991	-0.0001457513	-6.394844e-06	1.566001e-07	1.281627e-09	4.88819e-11
3400000.0	-0.002414087	-0.0001604889	-7.64633e-06	2.057005e-07	1.784923e-09	7.26818e-11
3600000.0	-0.002622393	-0.0001750776	-9.040262e-06	2.659783e-07	2.438297e-09	1.05604e-10
3800000.0	-0.002837417	-0.0001893824	-1.058161e-05	3.391218e-07	3.273828e-09	1.50334e-10
4000000.0	-0.003058676	-0.0002032704	-1.227496e-05	4.269555e-07	4.327968e-09	2.10138e-10
4200000.0	-0.003285696	-0.0002166107	-1.412449e-05	5.314405e-07	5.641793e-09	2.88951e-10
4400000.0	-0.003518013	-0.0002292743	-1.613402e-05	6.546753e-07	7.261251e-09	3.91462e-10
4600000.0	-0.003755174	-0.0002411346	-1.830698e-05	7.98896e-07	9.237388e-09	5.23218e-10
4800000.0	-0.003996738	-0.0002520669	-2.06465e-05	9.664757e-07	1.162656e-08	6.9073e-10
5000000.0	-0.004242277	-0.0002619485	-2.315533e-05	1.159924e-06	1.449061e-08	9.01584e-10
5200000.0	-0.004491374	-0.000270659	-2.583595e-05	1.381884e-06	1.789708e-08	1.164564e-09
5400000.0	-0.004743623	-0.0002780801	-2.86905e-05	1.635136e-06	2.191928e-08	1.489781e-09
5600000.0	-0.004998632	-0.0002840956	-3.172087e-05	1.922589e-06	2.663651e-08	1.888806e-09
5800000.0	-0.005256019	-0.0002885913	-3.492866e-05	2.247281e-06	3.213405e-08	2.374816e-09
6000000.0	-0.005515414	-0.0002914554	-3.831524e-05	2.61238e-06	3.850333e-08	2.962745e-09
6200000.0	-0.005776457	-0.0002925779	-4.188175e-05	3.021175e-06	4.584191e-08	3.669441e-09
6400000.0	-0.0060388	-0.0002918512	-4.562908e-05	3.477077e-06	5.425349e-08	4.513834e-09
6600000.0	-0.006302103	-0.0002891697	-4.955797e-05	3.983612e-06	6.384792e-08	5.517106e-09
6800000.0	-0.00656604	-0.0002844301	-5.366896e-05	4.544422e-06	7.474116e-08	6.70288e-09
7000000.0	-0.006830292	-0.0002775308	-5.796242e-05	5.163256e-06	8.705515e-08	8.097399e-09
7500000.0	-0.007490297	-0.0002501897	-6.949561e-05	6.98973e-06	1.249091e-07	1.26952e-08
8000000.0	-0.008145803	-0.0002072477	-8.217097e-05	9.26606e-06	1.746083e-07	1.932885e-08
8500000.0	-0.008792596	-0.0001472998	-9.598586e-05	1.205849e-05	2.385068e-07	2.867912e-08
9000000.0	-0.009426801	-6.902659e-05	-0.0001109361	1.543614e-05	3.191329e-07	4.158916e-08
9500000.0	-0.01004487	2.880446e-05	-0.0001270177	1.94704e-05	4.191518e-07	5.908902e-08
10000000.0	-0.01064356	0.0001473377	-0.0001442281	2.423436e-05	5.413201e-07	8.242175e-08
10500000.0	-0.01121995	0.0002876282	-0.0001625681	2.980216e-05	6.884312e-07	1.13071e-07
11000000.0	-0.01177142	0.0004506402	-0.0001820425	3.624842e-05	8.632534e-07	1.527899e-07
11500000.0	-0.01229564	0.0006372463	-0.000202662	4.364756e-05	1.06846e-06	2.036315e-07
12000000.0	-0.01279057	0.0008482258	-0.0002244438	5.207324e-05	1.306554e-06	2.679803e-07
12500000.0	-0.01325446	0.001084264	-0.0002474127	6.159778e-05	1.579782e-06	3.485844e-07
13000000.0	-0.01368587	0.001345951	-0.0002716015	7.229158e-05	1.89005e-06	4.485896e-07
13500000.0	-0.0140836	0.001633782	-0.0002970518	8.422266e-05	2.23883e-06	5.715733e-07
14000000.0	-0.01444675	0.001948155	-0.0003238143	9.745618e-05	2.627058e-06	7.215796e-07
14500000.0	-0.0147747	0.002289372	-0.0003519488	0.0001120541	3.055044e-06	9.031553e-07
15000000.0	-0.01506708	0.00265764	-0.0003815239	0.0001280747	3.522365e-06	1.121386e-06
15500000.0	-0.01532378	0.00305307	-0.0004126174	0.0001455727	4.027769e-06	1.381933e-06
16000000.0	-0.01554496	0.003475677	-0.000445315	0.0001645984	4.56907e-06	1.69107e-06
16500000.0	-0.01573101	0.003925383	-0.0004797104	0.0001851985	5.143058e-06	2.05572e-06
17000000.0	-0.01588255	0.004402021	-0.0005159036	0.0002074152	5.745397e-06	2.483493e-06
17500000.0	-0.01600045	0.00490533	-0.0005540007	0.0002312868	6.370542e-06	2.982727e-06
18000000.0	-0.01608578	0.005434964	-0.0005941119	0.0002568478	7.011651e-06	3.562518e-06
18500000.0	-0.01613981	0.005990493	-0.0006363509	0.000284129	7.660509e-06	4.232764e-06
19000000.0	-0.01616401	0.006571401	-0.0006808325	0.0003131579	8.30746e-06	5.004201e-06
19500000.0	-0.01616003	0.0071771	-0.0007276719	0.0003439591	8.941345e-06	5.888439e-06
20000000.0	-0.01612968	0.007806923	-0.000776982	0.000376555	9.549454e-06	6.898001e-06
