#  [JENDL-5    300 K], H-1, MT =   1 (n,total)
#    energy (eV)  cross sec. (b)
    1.000000e-05    1.191263e+03
    1.103037e-05    1.134275e+03
    1.216691e-05    1.080015e+03
    1.342055e-05    1.028351e+03
    1.480336e-05    9.791611e+02
    1.632865e-05    9.323254e+02
    1.801111e-05    8.877317e+02
    1.986691e-05    8.452729e+02
    2.191394e-05    8.048468e+02
    2.417189e-05    7.663561e+02
    2.666248e-05    7.297083e+02
    2.940971e-05    6.948154e+02
    3.243999e-05    6.615933e+02
    3.578251e-05    6.299622e+02
    3.946943e-05    5.998460e+02
    4.353624e-05    5.711723e+02
    4.802208e-05    5.438721e+02
    5.297013e-05    5.178799e+02
    5.842801e-05    4.931330e+02
    6.444825e-05    4.695720e+02
    7.108881e-05    4.471402e+02
    7.841358e-05    4.257837e+02
    8.649308e-05    4.054511e+02
    9.540506e-05    3.860935e+02
    1.052353e-04    3.676643e+02
    1.160784e-04    3.501194e+02
    1.280388e-04    3.334163e+02
    1.412315e-04    3.175151e+02
    1.557836e-04    3.023774e+02
    1.718351e-04    2.879669e+02
    1.895404e-04    2.742488e+02
    2.090701e-04    2.611902e+02
    2.306120e-04    2.487598e+02
    2.543736e-04    2.369275e+02
    2.805835e-04    2.256650e+02
    3.094939e-04    2.149451e+02
    3.413832e-04    2.047421e+02
    3.765583e-04    1.950315e+02
    4.153577e-04    1.857898e+02
    4.581549e-04    1.769949e+02
    5.053618e-04    1.686256e+02
    5.574328e-04    1.606617e+02
    6.148689e-04    1.530842e+02
    6.782232e-04    1.458747e+02
    7.481052e-04    1.390160e+02
    8.251877e-04    1.324915e+02
    9.102125e-04    1.262855e+02
    1.003998e-03    1.203831e+02
    1.107447e-03    1.147701e+02
    1.221555e-03    1.094330e+02
    1.347420e-03    1.043589e+02
    1.486254e-03    9.953553e+01
    1.639393e-03    9.495136e+01
    1.808311e-03    9.059530e+01
    1.994634e-03    8.645683e+01
    2.215676e-03    8.225192e+01
    2.461091e-03    7.827557e+01
    2.733824e-03    7.451304e+01
    3.036632e-03    7.095735e+01
    3.373145e-03    6.759529e+01
    3.746766e-03    6.442060e+01
    4.161974e-03    6.142142e+01
    4.622969e-03    5.859214e+01
    5.135276e-03    5.592213e+01
    5.704077e-03    5.340633e+01
    6.336190e-03    5.103521e+01
    7.038008e-03    4.880419e+01
    7.817946e-03    4.670473e+01
    8.683888e-03    4.473265e+01
    9.646218e-03    4.288029e+01
    1.079025e-02    4.103160e+01
    1.206996e-02    3.930739e+01
    1.350144e-02    3.770155e+01
    1.510270e-02    3.620823e+01
    1.689386e-02    3.482184e+01
    1.902982e-02    3.346022e+01
    2.143689e-02    3.220646e+01
    2.414725e-02    3.105561e+01
    2.524188e-02    3.065204e+01
    2.530000e-02    3.063146e+01
    2.869982e-02    2.955612e+01
    3.255651e-02    2.857986e+01
    3.719198e-02    2.764949e+01
    4.248537e-02    2.681508e+01
    4.887450e-02    2.603181e+01
    5.662107e-02    2.530539e+01
    6.605495e-02    2.464004e+01
    7.760042e-02    2.403795e+01
    9.180696e-02    2.349938e+01
    1.101467e-01    2.300579e+01
    1.340144e-01    2.256340e+01
    1.665209e-01    2.216359e+01
    2.127812e-01    2.180468e+01
    2.796325e-01    2.149543e+01
    3.832425e-01    2.122767e+01
    5.594349e-01    2.099437e+01
    8.758848e-01    2.080125e+01
    1.502114e+00    2.066302e+01
    3.457067e+00    2.055501e+01
    1.219816e+01    2.047285e+01
    6.718613e+03    1.958033e+01
    1.568082e+04    1.855825e+01
    2.557129e+04    1.755794e+01
    3.680818e+04    1.656236e+01
    4.736545e+04    1.574108e+01
    5.776548e+04    1.501996e+01
    6.731855e+04    1.442509e+01
    8.170095e+04    1.362349e+01
    9.733524e+04    1.286806e+01
    1.131257e+05    1.219914e+01
    1.300000e+05    1.157078e+01
    1.454178e+05    1.107332e+01
    1.634019e+05    1.054536e+01
    1.838271e+05    1.002015e+01
    2.042524e+05    9.557276e+00
    2.246776e+05    9.146062e+00
    2.460917e+05    8.761684e+00
    2.673880e+05    8.418817e+00
    2.920189e+05    8.063577e+00
    3.222573e+05    7.676609e+00
    3.545943e+05    7.316374e+00
    4.028216e+05    6.855373e+00
    4.462076e+05    6.503970e+00
    4.936394e+05    6.169782e+00
    5.577595e+05    5.789475e+00
    6.084649e+05    5.530598e+00
    6.638202e+05    5.283039e+00
    7.148833e+05    5.080105e+00
    7.713116e+05    4.880043e+00
    8.343396e+05    4.680648e+00
    9.181068e+05    4.448555e+00
    1.000000e+06    4.249541e+00
    1.115519e+06    4.009895e+00
    1.216930e+06    3.826632e+00
    1.327640e+06    3.651092e+00
    1.429767e+06    3.506783e+00
    1.542623e+06    3.363954e+00
    1.668679e+06    3.220903e+00
    1.838271e+06    3.051361e+00
    2.000000e+06    2.908425e+00
    2.231038e+06    2.732303e+00
    2.433860e+06    2.596416e+00
    2.636681e+06    2.475343e+00
    2.859533e+06    2.356524e+00
    3.063785e+06    2.258040e+00
    3.290929e+06    2.158667e+00
    3.545943e+06    2.057488e+00
    3.880795e+06    1.939163e+00
    4.200000e+06    1.838249e+00
    4.632449e+06    1.718473e+00
    5.070541e+06    1.612007e+00
    5.476184e+06    1.524133e+00
    5.881828e+06    1.445118e+00
    6.287471e+06    1.373622e+00
    6.693114e+06    1.308579e+00
    7.098757e+06    1.249263e+00
    7.605812e+06    1.181724e+00
    8.112866e+06    1.120690e+00
    8.619920e+06    1.065255e+00
    9.126974e+06    1.014673e+00
    9.634028e+06    9.683340e-01
    1.000000e+07    9.369080e-01
    1.014108e+07    9.257261e-01
    1.028415e+07    9.143885e-01
    1.042925e+07    9.028908e-01
    1.050000e+07    8.972839e-01
    1.064814e+07    8.864186e-01
    1.079836e+07    8.754000e-01
    1.095071e+07    8.642259e-01
    1.100000e+07    8.606105e-01
    1.115519e+07    8.500457e-01
    1.131257e+07    8.393318e-01
    1.147217e+07    8.284668e-01
    1.150000e+07    8.265722e-01
    1.166224e+07    8.162945e-01
    1.182678e+07    8.058718e-01
    1.199363e+07    7.953021e-01
    1.200000e+07    7.948987e-01
    1.216930e+07    7.848955e-01
    1.234099e+07    7.747512e-01
    1.250000e+07    7.653557e-01
    1.267635e+07    7.556153e-01
    1.285519e+07    7.457374e-01
    1.300000e+07    7.377393e-01
    1.318341e+07    7.282502e-01
    1.336940e+07    7.186273e-01
    1.350000e+07    7.118704e-01
    1.369046e+07    7.026222e-01
    1.388361e+07    6.932435e-01
    1.400000e+07    6.875919e-01
    1.419751e+07    6.788367e-01
    1.439782e+07    6.699580e-01
    1.460094e+07    6.609540e-01
    1.480694e+07    6.518230e-01
    1.500000e+07    6.432651e-01
    1.521162e+07    6.349179e-01
    1.542623e+07    6.264529e-01
    1.564387e+07    6.178686e-01
    1.586457e+07    6.091631e-01
    1.600000e+07    6.038214e-01
    1.622573e+07    5.958510e-01
    1.645465e+07    5.877682e-01
    1.668679e+07    5.795714e-01
    1.692221e+07    5.712589e-01
    1.700000e+07    5.685123e-01
    1.723984e+07    5.608903e-01
    1.748306e+07    5.531607e-01
    1.772972e+07    5.453221e-01
    1.797985e+07    5.373729e-01
    1.800000e+07    5.367326e-01
    1.825395e+07    5.294328e-01
    1.851148e+07    5.220301e-01
    1.877264e+07    5.145229e-01
    1.900000e+07    5.079874e-01
    1.926806e+07    5.009859e-01
    1.953989e+07    4.938857e-01
    1.981557e+07    4.866852e-01
    2.000000e+07    4.818679e-01
    2.000000e+07    4.801260e-01
    2.028216e+07    4.729839e-01
    2.056831e+07    4.657410e-01
    2.085849e+07    4.583959e-01
    2.100000e+07    4.548140e-01
    2.129627e+07    4.483938e-01
    2.159672e+07    4.418830e-01
    2.190142e+07    4.352803e-01
    2.200000e+07    4.331440e-01
    2.231038e+07    4.274320e-01
    2.262514e+07    4.216395e-01
    2.294434e+07    4.157652e-01
    2.326804e+07    4.098080e-01
    2.349468e+07    4.056372e-01
    2.382615e+07    4.000818e-01
    2.416229e+07    3.944480e-01
    2.450318e+07    3.887347e-01
    2.484887e+07    3.829409e-01
    2.500000e+07    3.804080e-01
    2.535270e+07    3.749743e-01
    2.571039e+07    3.694639e-01
    2.607311e+07    3.638757e-01
    2.644096e+07    3.582088e-01
    2.649528e+07    3.573718e-01
    2.686908e+07    3.521210e-01
    2.724816e+07    3.467962e-01
    2.763258e+07    3.413962e-01
    2.800000e+07    3.362350e-01
    2.839503e+07    3.311475e-01
    2.879563e+07    3.259882e-01
    2.920189e+07    3.207561e-01
    2.949576e+07    3.169714e-01
    2.991189e+07    3.120615e-01
    3.033390e+07    3.070823e-01
    3.076185e+07    3.020330e-01
    3.098387e+07    2.994135e-01
    3.142099e+07    2.947706e-01
    3.186429e+07    2.900622e-01
    3.231383e+07    2.852874e-01
    3.276972e+07    2.804452e-01
    3.298484e+07    2.781603e-01
    3.345020e+07    2.737444e-01
    3.392212e+07    2.692661e-01
    3.440070e+07    2.647247e-01
    3.488604e+07    2.601192e-01
    3.498571e+07    2.591733e-01
    3.547930e+07    2.549580e-01
    3.597985e+07    2.506832e-01
    3.648746e+07    2.463481e-01
    3.698648e+07    2.420863e-01
    3.750830e+07    2.380689e-01
    3.803747e+07    2.339948e-01
    3.857411e+07    2.298632e-01
    3.898718e+07    2.266830e-01
    3.953722e+07    2.228846e-01
    4.009502e+07    2.190326e-01
    4.066068e+07    2.151263e-01
    4.098780e+07    2.128673e-01
    4.156607e+07    2.092966e-01
    4.215249e+07    2.056755e-01
    4.274719e+07    2.020034e-01
    4.298837e+07    2.005141e-01
    4.359486e+07    1.971683e-01
    4.420990e+07    1.937752e-01
    4.483363e+07    1.903343e-01
    4.498889e+07    1.894778e-01
    4.562360e+07    1.863474e-01
    4.626727e+07    1.831728e-01
    4.692001e+07    1.799535e-01
    4.698936e+07    1.796115e-01
    4.765230e+07    1.766815e-01
    4.832458e+07    1.737102e-01
    4.898979e+07    1.707702e-01
    4.968095e+07    1.680190e-01
    5.038186e+07    1.652290e-01
    5.099020e+07    1.628075e-01
    5.170958e+07    1.602073e-01
    5.243910e+07    1.575705e-01
    5.299057e+07    1.555772e-01
    5.373817e+07    1.531416e-01
    5.449632e+07    1.506717e-01
    5.526516e+07    1.481670e-01
    5.600000e+07    1.457730e-01
    5.679006e+07    1.434450e-01
    5.759126e+07    1.410843e-01
    5.840377e+07    1.386902e-01
    5.899152e+07    1.369583e-01
    5.982379e+07    1.347396e-01
    6.066780e+07    1.324895e-01
    6.152371e+07    1.302078e-01
    6.200000e+07    1.289380e-01
    6.287471e+07    1.268292e-01
    6.376176e+07    1.246907e-01
    6.466132e+07    1.225219e-01
    6.499231e+07    1.217240e-01
    6.590923e+07    1.197305e-01
    6.683909e+07    1.177089e-01
    6.778207e+07    1.156588e-01
    6.800000e+07    1.151850e-01
    6.895936e+07    1.133091e-01
    6.993225e+07    1.114068e-01
    7.091887e+07    1.094776e-01
    7.099296e+07    1.093328e-01
    7.199454e+07    1.075692e-01
    7.301025e+07    1.057807e-01
    7.400000e+07    1.040380e-01
    7.504401e+07    1.023884e-01
    7.610274e+07    1.007155e-01
    7.699351e+07    9.930798e-02
    7.807975e+07    9.778647e-02
    7.918131e+07    9.624349e-02
    8.029842e+07    9.467875e-02
    8.099383e+07    9.370468e-02
    8.213650e+07    9.230381e-02
    8.329530e+07    9.088317e-02
    8.447045e+07    8.944250e-02
    8.499412e+07    8.880050e-02
    8.619323e+07    8.749773e-02
    8.740926e+07    8.617659e-02
    8.864245e+07    8.483680e-02
    8.899438e+07    8.445444e-02
    9.024993e+07    8.323445e-02
    9.152320e+07    8.199725e-02
    9.281442e+07    8.074260e-02
    9.400000e+07    7.959060e-02
    9.532617e+07    7.843555e-02
    9.667105e+07    7.726420e-02
    9.803491e+07    7.607633e-02
    9.899495e+07    7.524017e-02
    1.003916e+08    7.417361e-02
    1.018079e+08    7.309200e-02
    1.024114e+08    7.263118e-02
    1.038562e+08    7.163234e-02
    1.053214e+08    7.061940e-02
    1.068073e+08    6.959216e-02
    1.074099e+08    6.917556e-02
    1.089253e+08    6.822223e-02
    1.104621e+08    6.725546e-02
    1.120205e+08    6.627504e-02
    1.124190e+08    6.602430e-02
    1.140051e+08    6.513233e-02
    1.156135e+08    6.422777e-02
    1.172446e+08    6.331045e-02
    1.188987e+08    6.238018e-02
    1.200000e+08    6.176080e-02
    1.216930e+08    6.105840e-02
    1.234099e+08    6.034608e-02
    1.251509e+08    5.962372e-02
    1.269166e+08    5.889117e-02
    1.274245e+08    5.868046e-02
    1.292222e+08    5.801125e-02
    1.310453e+08    5.733260e-02
    1.328941e+08    5.664437e-02
    1.347690e+08    5.594644e-02
    1.349074e+08    5.589493e-02
    1.368107e+08    5.524555e-02
    1.387408e+08    5.458701e-02
    1.400000e+08    5.415740e-02
    1.419751e+08    5.362575e-02
    1.439782e+08    5.308660e-02
    1.460094e+08    5.253984e-02
    1.480694e+08    5.198537e-02
    1.500000e+08    5.146570e-02
    1.521162e+08    5.095850e-02
    1.542623e+08    5.044415e-02
    1.564387e+08    4.992254e-02
    1.586457e+08    4.939357e-02
    1.600000e+08    4.906900e-02
    1.622573e+08    4.859446e-02
    1.645465e+08    4.811322e-02
    1.668679e+08    4.762519e-02
    1.692221e+08    4.713027e-02
    1.697056e+08    4.702863e-02
    1.720999e+08    4.657382e-02
    1.745279e+08    4.611259e-02
    1.769902e+08    4.564485e-02
    1.794872e+08    4.517052e-02
    1.800000e+08    4.507310e-02
    1.825395e+08    4.468015e-02
    1.851148e+08    4.428165e-02
    1.877264e+08    4.387753e-02
    1.903749e+08    4.346770e-02
    1.930607e+08    4.305210e-02
    1.948007e+08    4.278286e-02
    1.975490e+08    4.239315e-02
    2.000000e+08    4.204560e-02


#  [JENDL-5    300 K], H-1, MT =   2 (n,elas.)
#    energy (eV)  cross sec. (b)
    1.000000e-05    1.173107e+03
    1.103037e-05    1.116988e+03
    1.216691e-05    1.063555e+03
    1.342055e-05    1.012679e+03
    1.480336e-05    9.642387e+02
    1.632865e-05    9.181170e+02
    1.801111e-05    8.742033e+02
    1.986691e-05    8.323918e+02
    2.191394e-05    7.925820e+02
    2.417189e-05    7.546782e+02
    2.666248e-05    7.185892e+02
    2.940971e-05    6.842283e+02
    3.243999e-05    6.515128e+02
    3.578251e-05    6.203640e+02
    3.946943e-05    5.907071e+02
    4.353624e-05    5.624707e+02
    4.802208e-05    5.355869e+02
    5.297013e-05    5.099910e+02
    5.842801e-05    4.856216e+02
    6.444825e-05    4.624200e+02
    7.108881e-05    4.403304e+02
    7.841358e-05    4.192997e+02
    8.649308e-05    3.992774e+02
    9.540506e-05    3.802152e+02
    1.052353e-04    3.620673e+02
    1.160784e-04    3.447901e+02
    1.280388e-04    3.283420e+02
    1.412315e-04    3.126836e+02
    1.557836e-04    2.977771e+02
    1.718351e-04    2.835866e+02
    1.895404e-04    2.700781e+02
    2.090701e-04    2.572191e+02
    2.306120e-04    2.449786e+02
    2.543736e-04    2.333272e+02
    2.805835e-04    2.222369e+02
    3.094939e-04    2.116810e+02
    3.413832e-04    2.016342e+02
    3.765583e-04    1.920722e+02
    4.153577e-04    1.829720e+02
    4.581549e-04    1.743119e+02
    5.053618e-04    1.660709e+02
    5.574328e-04    1.582292e+02
    6.148689e-04    1.507680e+02
    6.782232e-04    1.436693e+02
    7.481052e-04    1.369160e+02
    8.251877e-04    1.304919e+02
    9.102125e-04    1.243815e+02
    1.003998e-03    1.185702e+02
    1.107447e-03    1.130438e+02
    1.221555e-03    1.077892e+02
    1.347420e-03    1.027936e+02
    1.486254e-03    9.804510e+01
    1.639393e-03    9.353213e+01
    1.808311e-03    8.924386e+01
    1.994634e-03    8.516994e+01
    2.215676e-03    8.103077e+01
    2.461091e-03    7.711678e+01
    2.733824e-03    7.341342e+01
    3.036632e-03    6.991385e+01
    3.373145e-03    6.660505e+01
    3.746766e-03    6.348087e+01
    4.161974e-03    6.052964e+01
    4.622969e-03    5.774583e+01
    5.135276e-03    5.511898e+01
    5.704077e-03    5.264410e+01
    6.336190e-03    5.031183e+01
    7.038008e-03    4.811766e+01
    7.817946e-03    4.605317e+01
    8.683888e-03    4.411427e+01
    9.646218e-03    4.229341e+01
    1.079025e-02    4.047653e+01
    1.206996e-02    3.878242e+01
    1.350144e-02    3.720505e+01
    1.510270e-02    3.573868e+01
    1.689386e-02    3.437778e+01
    1.902982e-02    3.304175e+01
    2.143689e-02    3.181216e+01
    2.414725e-02    3.068411e+01
    2.524188e-02    3.028870e+01
    2.530000e-02    3.026854e+01
    2.869982e-02    2.921546e+01
    3.255651e-02    2.826017e+01
    3.719198e-02    2.735063e+01
    4.248537e-02    2.653578e+01
    4.887450e-02    2.577183e+01
    5.662107e-02    2.506438e+01
    6.605495e-02    2.441753e+01
    7.760042e-02    2.383331e+01
    9.245458e-02    2.329182e+01
    1.117007e-01    2.280170e+01
    1.368638e-01    2.236745e+01
    1.712527e-01    2.197980e+01
    2.203711e-01    2.163574e+01
    2.936784e-01    2.133627e+01
    4.081912e-01    2.108370e+01
    6.042600e-01    2.087352e+01
    9.866751e-01    2.070390e+01
    1.879541e+00    2.057650e+01
    4.906990e+00    2.048933e+01
    3.321483e+01    2.043985e+01
    1.037272e+04    1.914913e+01
    1.971656e+04    1.813406e+01
    3.022675e+04    1.712657e+01
    3.835521e+04    1.643887e+01
    4.765864e+04    1.572000e+01
    5.776548e+04    1.501979e+01
    6.731855e+04    1.442495e+01
    8.170095e+04    1.362336e+01
    9.733524e+04    1.286795e+01
    1.131257e+05    1.219904e+01
    1.300000e+05    1.157069e+01
    1.454178e+05    1.107324e+01
    1.634019e+05    1.054528e+01
    1.838271e+05    1.002008e+01
    2.042524e+05    9.557217e+00
    2.246776e+05    9.146007e+00
    2.460917e+05    8.761633e+00
    2.673880e+05    8.418769e+00
    2.920189e+05    8.063531e+00
    3.222573e+05    7.676566e+00
    3.545943e+05    7.316333e+00
    4.028216e+05    6.855334e+00
    4.462076e+05    6.503933e+00
    4.936394e+05    6.169747e+00
    5.577595e+05    5.789440e+00
    6.084649e+05    5.530564e+00
    6.638202e+05    5.283005e+00
    7.148833e+05    5.080072e+00
    7.713116e+05    4.880010e+00
    8.343396e+05    4.680615e+00
    9.181068e+05    4.448521e+00
    1.000000e+06    4.249507e+00
    1.115519e+06    4.009861e+00
    1.216930e+06    3.826598e+00
    1.327640e+06    3.651057e+00
    1.429767e+06    3.506747e+00
    1.542623e+06    3.363918e+00
    1.668679e+06    3.220867e+00
    1.838271e+06    3.051324e+00
    2.000000e+06    2.908388e+00
    2.231038e+06    2.732266e+00
    2.433860e+06    2.596379e+00
    2.636681e+06    2.475306e+00
    2.859533e+06    2.356487e+00
    3.063785e+06    2.258003e+00
    3.290929e+06    2.158630e+00
    3.545943e+06    2.057451e+00
    3.880795e+06    1.939126e+00
    4.200000e+06    1.838213e+00
    4.632449e+06    1.718437e+00
    5.070541e+06    1.611972e+00
    5.476184e+06    1.524098e+00
    5.881828e+06    1.445083e+00
    6.287471e+06    1.373588e+00
    6.693114e+06    1.308546e+00
    7.098757e+06    1.249229e+00
    7.605812e+06    1.181690e+00
    8.112866e+06    1.120658e+00
    8.619920e+06    1.065222e+00
    9.126974e+06    1.014641e+00
    9.701987e+06    9.624664e-01
    1.000000e+07    9.368766e-01
    1.014108e+07    9.256948e-01
    1.028415e+07    9.143572e-01
    1.042925e+07    9.028596e-01
    1.050000e+07    8.972527e-01
    1.064814e+07    8.863875e-01
    1.079836e+07    8.753690e-01
    1.095071e+07    8.641950e-01
    1.100000e+07    8.605796e-01
    1.115519e+07    8.500148e-01
    1.131257e+07    8.393010e-01
    1.147217e+07    8.284361e-01
    1.150000e+07    8.265415e-01
    1.166224e+07    8.162639e-01
    1.182678e+07    8.058413e-01
    1.199363e+07    7.952716e-01
    1.200000e+07    7.948682e-01
    1.216930e+07    7.848651e-01
    1.234099e+07    7.747209e-01
    1.250000e+07    7.653255e-01
    1.267635e+07    7.555851e-01
    1.285519e+07    7.457073e-01
    1.300000e+07    7.377093e-01
    1.318341e+07    7.282203e-01
    1.336940e+07    7.185975e-01
    1.350000e+07    7.118406e-01
    1.369046e+07    7.025925e-01
    1.388361e+07    6.932139e-01
    1.400000e+07    6.875623e-01
    1.419751e+07    6.788072e-01
    1.439782e+07    6.699285e-01
    1.460094e+07    6.609246e-01
    1.480694e+07    6.517937e-01
    1.500000e+07    6.432359e-01
    1.521162e+07    6.348888e-01
    1.542623e+07    6.264239e-01
    1.564387e+07    6.178396e-01
    1.586457e+07    6.091342e-01
    1.600000e+07    6.037926e-01
    1.622573e+07    5.958223e-01
    1.645465e+07    5.877396e-01
    1.668679e+07    5.795428e-01
    1.692221e+07    5.712305e-01
    1.700000e+07    5.684839e-01
    1.723984e+07    5.608620e-01
    1.748306e+07    5.531325e-01
    1.772972e+07    5.452940e-01
    1.797985e+07    5.373449e-01
    1.800000e+07    5.367046e-01
    1.825395e+07    5.294050e-01
    1.851148e+07    5.220023e-01
    1.877264e+07    5.144952e-01
    1.900000e+07    5.079599e-01
    1.926806e+07    5.009585e-01
    1.953989e+07    4.938584e-01
    1.981557e+07    4.866580e-01
    2.000000e+07    4.818408e-01
    2.000000e+07    4.801005e-01
    2.028216e+07    4.729585e-01
    2.056831e+07    4.657157e-01
    2.085849e+07    4.583707e-01
    2.100000e+07    4.547889e-01
    2.129627e+07    4.483688e-01
    2.159672e+07    4.418581e-01
    2.190142e+07    4.352556e-01
    2.200000e+07    4.331193e-01
    2.231038e+07    4.274074e-01
    2.262514e+07    4.216149e-01
    2.294434e+07    4.157407e-01
    2.326804e+07    4.097837e-01
    2.349468e+07    4.056129e-01
    2.382615e+07    4.000576e-01
    2.416229e+07    3.944239e-01
    2.450318e+07    3.887108e-01
    2.484887e+07    3.829170e-01
    2.500000e+07    3.803842e-01
    2.535270e+07    3.749506e-01
    2.571039e+07    3.694403e-01
    2.607311e+07    3.638522e-01
    2.644096e+07    3.581854e-01
    2.649528e+07    3.573485e-01
    2.686908e+07    3.520978e-01
    2.724816e+07    3.467730e-01
    2.763258e+07    3.413732e-01
    2.800000e+07    3.362121e-01
    2.839503e+07    3.311247e-01
    2.879563e+07    3.259655e-01
    2.920189e+07    3.207336e-01
    2.949576e+07    3.169489e-01
    2.991189e+07    3.120392e-01
    3.033390e+07    3.070601e-01
    3.076185e+07    3.020109e-01
    3.098387e+07    2.993915e-01
    3.142099e+07    2.947487e-01
    3.186429e+07    2.900405e-01
    3.231383e+07    2.852658e-01
    3.276972e+07    2.804237e-01
    3.298484e+07    2.781389e-01
    3.345020e+07    2.737231e-01
    3.392212e+07    2.692450e-01
    3.440070e+07    2.647037e-01
    3.488604e+07    2.600983e-01
    3.498571e+07    2.591524e-01
    3.547930e+07    2.549373e-01
    3.597985e+07    2.506626e-01
    3.648746e+07    2.463276e-01
    3.698648e+07    2.420660e-01
    3.750830e+07    2.380486e-01
    3.803747e+07    2.339746e-01
    3.857411e+07    2.298432e-01
    3.898718e+07    2.266631e-01
    3.953722e+07    2.228648e-01
    4.009502e+07    2.190129e-01
    4.066068e+07    2.151067e-01
    4.098780e+07    2.128478e-01
    4.156607e+07    2.092772e-01
    4.215249e+07    2.056563e-01
    4.274719e+07    2.019842e-01
    4.298837e+07    2.004950e-01
    4.359486e+07    1.971493e-01
    4.420990e+07    1.937564e-01
    4.483363e+07    1.903156e-01
    4.498889e+07    1.894591e-01
    4.562360e+07    1.863288e-01
    4.626727e+07    1.831543e-01
    4.692001e+07    1.799351e-01
    4.698936e+07    1.795931e-01
    4.765230e+07    1.766633e-01
    4.832458e+07    1.736921e-01
    4.898979e+07    1.707522e-01
    4.968095e+07    1.680011e-01
    5.038186e+07    1.652113e-01
    5.099020e+07    1.627899e-01
    5.170958e+07    1.601898e-01
    5.243910e+07    1.575530e-01
    5.299057e+07    1.555598e-01
    5.373817e+07    1.531244e-01
    5.449632e+07    1.506546e-01
    5.526516e+07    1.481500e-01
    5.600000e+07    1.457561e-01
    5.679006e+07    1.434283e-01
    5.759126e+07    1.410676e-01
    5.840377e+07    1.386736e-01
    5.899152e+07    1.369419e-01
    5.982379e+07    1.347232e-01
    6.066780e+07    1.324733e-01
    6.152371e+07    1.301916e-01
    6.200000e+07    1.289219e-01
    6.287471e+07    1.268132e-01
    6.376176e+07    1.246748e-01
    6.466132e+07    1.225062e-01
    6.499231e+07    1.217083e-01
    6.590923e+07    1.197149e-01
    6.683909e+07    1.176934e-01
    6.778207e+07    1.156434e-01
    6.800000e+07    1.151696e-01
    6.895936e+07    1.132939e-01
    6.993225e+07    1.113917e-01
    7.091887e+07    1.094626e-01
    7.099296e+07    1.093178e-01
    7.199454e+07    1.075543e-01
    7.301025e+07    1.057659e-01
    7.400000e+07    1.040233e-01
    7.504401e+07    1.023738e-01
    7.610274e+07    1.007010e-01
    7.699351e+07    9.929356e-02
    7.807975e+07    9.777215e-02
    7.918131e+07    9.622927e-02
    8.029842e+07    9.466463e-02
    8.099383e+07    9.369062e-02
    8.213650e+07    9.228985e-02
    8.329530e+07    9.086931e-02
    8.447045e+07    8.942873e-02
    8.499412e+07    8.878678e-02
    8.619323e+07    8.748411e-02
    8.740926e+07    8.616306e-02
    8.864245e+07    8.482336e-02
    8.899438e+07    8.444104e-02
    9.024993e+07    8.322114e-02
    9.152320e+07    8.198403e-02
    9.281442e+07    8.072946e-02
    9.400000e+07    7.957755e-02
    9.532617e+07    7.842259e-02
    9.667105e+07    7.725133e-02
    9.803491e+07    7.606355e-02
    9.899495e+07    7.522745e-02
    1.003916e+08    7.416097e-02
    1.018079e+08    7.307945e-02
    1.024114e+08    7.261866e-02
    1.038562e+08    7.161990e-02
    1.053214e+08    7.060704e-02
    1.068073e+08    6.957989e-02
    1.074099e+08    6.916332e-02
    1.089253e+08    6.821007e-02
    1.104621e+08    6.724337e-02
    1.120205e+08    6.626303e-02
    1.124190e+08    6.601232e-02
    1.140051e+08    6.512041e-02
    1.156135e+08    6.421593e-02
    1.172446e+08    6.329868e-02
    1.188987e+08    6.236849e-02
    1.200000e+08    6.174916e-02
    1.216930e+08    6.104682e-02
    1.234099e+08    6.033457e-02
    1.251509e+08    5.961227e-02
    1.269166e+08    5.887978e-02
    1.274245e+08    5.866909e-02
    1.292222e+08    5.799994e-02
    1.310453e+08    5.732135e-02
    1.328941e+08    5.663319e-02
    1.347690e+08    5.593532e-02
    1.349074e+08    5.588381e-02
    1.368107e+08    5.523449e-02
    1.387408e+08    5.457601e-02
    1.400000e+08    5.414644e-02
    1.419751e+08    5.361486e-02
    1.439782e+08    5.307577e-02
    1.460094e+08    5.252909e-02
    1.480694e+08    5.197468e-02
    1.500000e+08    5.145508e-02
    1.521162e+08    5.094794e-02
    1.542623e+08    5.043365e-02
    1.564387e+08    4.991209e-02
    1.586457e+08    4.938319e-02
    1.600000e+08    4.905865e-02
    1.622573e+08    4.858417e-02
    1.645465e+08    4.810299e-02
    1.668679e+08    4.761503e-02
    1.692221e+08    4.712018e-02
    1.697056e+08    4.701855e-02
    1.720999e+08    4.656379e-02
    1.745279e+08    4.610263e-02
    1.769902e+08    4.563496e-02
    1.794872e+08    4.516068e-02
    1.800000e+08    4.506328e-02
    1.825395e+08    4.467039e-02
    1.851148e+08    4.427197e-02
    1.877264e+08    4.386792e-02
    1.903749e+08    4.345817e-02
    1.930607e+08    4.304263e-02
    1.948007e+08    4.277344e-02
    1.975490e+08    4.238380e-02
    2.000000e+08    4.203631e-02


#  [JENDL-5    300 K], H-1, MT = 102 (n,<gamma>)
#    energy (eV)  cross sec. (b)
    1.000000e-05    1.672882e+01
    1.103037e-05    1.592833e+01
    1.216691e-05    1.516614e+01
    1.342055e-05    1.444043e+01
    1.480336e-05    1.374944e+01
    1.632865e-05    1.309152e+01
    1.801111e-05    1.246508e+01
    1.986691e-05    1.186862e+01
    2.191394e-05    1.130069e+01
    2.417189e-05    1.075994e+01
    2.666248e-05    1.024507e+01
    2.940971e-05    9.754835e+00
    3.243999e-05    9.288058e+00
    3.578251e-05    8.843616e+00
    3.946943e-05    8.420441e+00
    4.353624e-05    8.017515e+00
    4.802208e-05    7.633870e+00
    5.297013e-05    7.268583e+00
    5.842801e-05    6.920775e+00
    6.444825e-05    6.589610e+00
    7.108881e-05    6.274291e+00
    7.841358e-05    5.974061e+00
    8.649308e-05    5.688197e+00
    9.540506e-05    5.416011e+00
    1.052353e-04    5.156850e+00
    1.160784e-04    4.910091e+00
    1.280388e-04    4.675138e+00
    1.412315e-04    4.451429e+00
    1.557836e-04    4.238424e+00
    1.718351e-04    4.035612e+00
    1.895404e-04    3.842504e+00
    2.090701e-04    3.658637e+00
    2.306120e-04    3.483568e+00
    2.543736e-04    3.316876e+00
    2.805835e-04    3.158161e+00
    3.094939e-04    3.007040e+00
    3.413832e-04    2.863150e+00
    3.765583e-04    2.726146e+00
    4.153577e-04    2.595698e+00
    4.581549e-04    2.471491e+00
    5.053618e-04    2.353228e+00
    5.574328e-04    2.240624e+00
    6.148689e-04    2.133408e+00
    6.782232e-04    2.031323e+00
    7.481052e-04    1.934122e+00
    8.251877e-04    1.841573e+00
    9.102125e-04    1.753452e+00
    1.003998e-03    1.669548e+00
    1.107447e-03    1.589658e+00
    1.221555e-03    1.513592e+00
    1.347420e-03    1.441165e+00
    1.486254e-03    1.372204e+00
    1.639393e-03    1.306543e+00
    1.808311e-03    1.244024e+00
    1.994634e-03    1.184496e+00
    2.200155e-03    1.127817e+00
    2.426853e-03    1.073850e+00
    2.676908e-03    1.022465e+00
    2.952729e-03    9.735393e-01
    3.256969e-03    9.269546e-01
    3.592557e-03    8.825990e-01
    3.962723e-03    8.403659e-01
    4.371030e-03    8.001536e-01
    4.821407e-03    7.618655e-01
    5.318191e-03    7.254096e-01
    5.866161e-03    6.906981e-01
    6.470592e-03    6.576476e-01
    7.137302e-03    6.261786e-01
    7.872708e-03    5.962154e-01
    8.683888e-03    5.676859e-01
    9.578649e-03    5.405217e-01
    1.056560e-02    5.146572e-01
    1.165425e-02    4.900304e-01
    1.285507e-02    4.665820e-01
    1.417962e-02    4.442557e-01
    1.564064e-02    4.229976e-01
    1.725221e-02    4.027568e-01
    1.902982e-02    3.834845e-01
    2.099059e-02    3.651345e-01
    2.315340e-02    3.476625e-01
    2.524188e-02    3.329694e-01
    2.530000e-02    3.325867e-01
    2.790683e-02    3.166722e-01
    3.078227e-02    3.015191e-01
    3.395398e-02    2.870912e-01
    3.745250e-02    2.733536e-01
    4.131149e-02    2.602734e-01
    4.556810e-02    2.478191e-01
    5.026329e-02    2.359607e-01
    5.544227e-02    2.246698e-01
    6.115487e-02    2.139191e-01
    6.745608e-02    2.036829e-01
    7.440655e-02    1.939365e-01
    8.207318e-02    1.846564e-01
    9.052975e-02    1.758205e-01
    9.985766e-02    1.674073e-01
    1.101467e-01    1.593967e-01
    1.214959e-01    1.517694e-01
    1.340144e-01    1.445071e-01
    1.478229e-01    1.375923e-01
    1.630541e-01    1.310084e-01
    1.798547e-01    1.247395e-01
    1.983864e-01    1.187706e-01
    2.188275e-01    1.130873e-01
    2.413748e-01    1.076759e-01
    2.662453e-01    1.025235e-01
    2.936784e-01    9.761766e-02
    3.239382e-01    9.294655e-02
    3.573158e-01    8.849896e-02
    3.941325e-01    8.426421e-02
    4.347427e-01    8.023210e-02
    4.795372e-01    7.639297e-02
    5.289473e-01    7.273763e-02
    5.834484e-01    6.925738e-02
    6.435652e-01    6.594399e-02
    7.098762e-01    6.278972e-02
    7.830196e-01    5.978722e-02
    8.636996e-01    5.692944e-02
    9.526926e-01    5.420939e-02
    1.050855e+00    5.162006e-02
    1.159132e+00    4.915438e-02
    1.278565e+00    4.680560e-02
    1.410305e+00    4.456761e-02
    1.555618e+00    4.243520e-02
    1.715905e+00    4.040419e-02
    1.892706e+00    3.847031e-02
    2.087725e+00    3.662961e-02
    2.302838e+00    3.487747e-02
    2.540115e+00    3.320930e-02
    2.801841e+00    3.162072e-02
    3.090534e+00    3.010730e-02
    3.408973e+00    2.866568e-02
    3.760223e+00    2.729361e-02
    4.147665e+00    2.598741e-02
    4.575028e+00    2.474348e-02
    5.046425e+00    2.356019e-02
    5.566393e+00    2.243448e-02
    6.139937e+00    2.136131e-02
    6.772578e+00    2.033907e-02
    7.470403e+00    1.936574e-02
    8.240131e+00    1.843700e-02
    9.089169e+00    1.755350e-02
    1.002569e+01    1.671363e-02
    1.105871e+01    1.591462e-02
    1.228421e+01    1.510002e-02
    1.354994e+01    1.437740e-02
    1.494608e+01    1.369088e-02
    1.660156e+01    1.298800e-02
    1.831213e+01    1.236590e-02
    2.019896e+01    1.177421e-02
    2.228020e+01    1.121116e-02
    2.474924e+01    1.063719e-02
    2.710810e+01    1.016363e-02
    3.011217e+01    9.644527e-03
    3.344749e+01    9.148486e-03
    3.689382e+01    8.711004e-03
    4.069525e+01    8.295168e-03
    4.488836e+01    7.896726e-03
    4.951352e+01    7.518626e-03
    5.500050e+01    7.133057e-03
    6.066759e+01    6.792691e-03
    6.691859e+01    6.466379e-03
    7.381368e+01    6.157334e-03
    8.141921e+01    5.862869e-03
    8.980840e+01    5.581173e-03
    9.975588e+01    5.294943e-03
    1.108106e+02    5.023227e-03
    1.213720e+02    4.800544e-03
    1.329466e+02    4.585539e-03
    1.456178e+02    4.381801e-03
    1.583873e+02    4.201364e-03
    1.734917e+02    4.013394e-03
    1.900273e+02    3.834604e-03
    2.066911e+02    3.676353e-03
    2.264021e+02    3.511535e-03
    2.462556e+02    3.367433e-03
    2.678502e+02    3.227386e-03
    2.913384e+02    3.094417e-03
    3.146666e+02    2.976879e-03
    3.446746e+02    2.843356e-03
    3.775257e+02    2.716454e-03
    4.106315e+02    2.604412e-03
    4.497911e+02    2.487407e-03
    4.926609e+02    2.376415e-03
    5.358631e+02    2.277725e-03
    5.787995e+02    2.191070e-03
    6.429092e+02    2.077111e-03
    6.944228e+02    1.999099e-03
    7.500270e+02    1.922107e-03
    8.331434e+02    1.822388e-03
    9.062031e+02    1.747135e-03
    9.856695e+02    1.674397e-03
    1.072104e+03    1.604265e-03
    1.157951e+03    1.542689e-03
    1.277262e+03    1.466822e-03
    1.369940e+03    1.416100e-03
    1.500583e+03    1.351558e-03
    1.666793e+03    1.280804e-03
    1.800346e+03    1.231681e-03
    1.958221e+03    1.179964e-03
    2.144860e+03    1.125905e-03
    2.349403e+03    1.073992e-03
    2.519875e+03    1.036173e-03
    2.760046e+03    9.883620e-04
    3.044432e+03    9.393960e-04
    3.358122e+03    8.922290e-04
    3.627193e+03    8.571590e-04
    3.917632e+03    8.232820e-04
    4.291234e+03    7.845040e-04
    4.667539e+03    7.503360e-04
    5.112405e+03    7.150540e-04
    5.560720e+03    6.834340e-04
    6.133679e+03    6.483610e-04
    6.625144e+03    6.218130e-04
    7.155637e+03    5.964150e-04
    7.838029e+03    5.671570e-04
    8.585076e+03    5.392810e-04
    9.403785e+03    5.126470e-04
    1.008612e+04    4.929560e-04
    1.201620e+04    4.459890e-04
    1.411716e+04    4.062890e-04
    1.612640e+04    3.755110e-04
    1.816622e+04    3.495350e-04
    2.013478e+04    3.281650e-04
    2.220940e+04    3.087760e-04
    2.432739e+04    2.915430e-04
    2.646070e+04    2.762670e-04
    2.838068e+04    2.639490e-04
    3.022675e+04    2.532790e-04
    3.526295e+04    2.283990e-04
    4.028216e+04    2.083760e-04
    4.537521e+04    1.915910e-04
    5.035271e+04    1.777290e-04
    5.538798e+04    1.657130e-04
    6.066703e+04    1.548420e-04
    6.545852e+04    1.461510e-04
    7.069995e+04    1.377720e-04
    7.582992e+04    1.304810e-04
    8.112866e+04    1.237550e-04
    8.641005e+04    1.177350e-04
    9.126974e+04    1.127050e-04
    9.701987e+04    1.073230e-04
    1.014108e+05    1.035990e-04
    1.107760e+05    9.641160e-05
    1.204901e+05    9.002690e-05
    1.309170e+05    8.415450e-05
    1.413999e+05    7.905340e-05
    1.516598e+05    7.469560e-05
    1.611287e+05    7.113220e-05
    1.711992e+05    6.777210e-05
    1.823351e+05    6.449320e-05
    1.926806e+05    6.177970e-05
    2.014108e+05    5.971510e-05
    2.215519e+05    5.558660e-05
    2.409801e+05    5.229180e-05
    2.618341e+05    4.936710e-05
    2.819751e+05    4.700000e-05
    3.021162e+05    4.500110e-05
    3.222573e+05    4.330300e-05
    3.447968e+05    4.170300e-05
    3.646703e+05    4.049620e-05
    3.880795e+05    3.929180e-05
    4.113662e+05    3.827910e-05
    4.431038e+05    3.714190e-05
    4.697804e+05    3.639540e-05
    5.035271e+05    3.559990e-05
    5.538798e+05    3.474360e-05
    6.084649e+05    3.413460e-05
    6.638202e+05    3.375310e-05
    7.198908e+05    3.354230e-05
    8.000000e+05    3.344720e-05
    9.255739e+05    3.364240e-05
    1.072560e+06    3.410870e-05
    1.542623e+06    3.577930e-05
    1.851148e+06    3.659020e-05
    2.085849e+06    3.698630e-05
    2.359631e+06    3.725380e-05
    2.600000e+06    3.734500e-05
    3.085246e+06    3.720240e-05
    3.728412e+06    3.669550e-05
    6.214020e+06    3.413760e-05
    7.249690e+06    3.325330e-05
    8.741531e+06    3.218890e-05
    1.000000e+07    3.143750e-05
    1.014108e+07    3.136850e-05
    1.028415e+07    3.129860e-05
    1.042925e+07    3.122770e-05
    1.057638e+07    3.115570e-05
    1.072560e+07    3.108280e-05
    1.087692e+07    3.100880e-05
    1.103037e+07    3.093380e-05
    1.118599e+07    3.085770e-05
    1.134380e+07    3.078060e-05
    1.150384e+07    3.070240e-05
    1.166614e+07    3.062300e-05
    1.183073e+07    3.054260e-05
    1.199764e+07    3.046100e-05
    1.216691e+07    3.037820e-05
    1.233856e+07    3.029430e-05
    1.250000e+07    3.021540e-05
    1.267635e+07    3.014220e-05
    1.285519e+07    3.006800e-05
    1.303656e+07    2.999270e-05
    1.322048e+07    2.991640e-05
    1.340700e+07    2.983900e-05
    1.359614e+07    2.976040e-05
    1.378796e+07    2.968080e-05
    1.398249e+07    2.960010e-05
    1.417975e+07    2.951820e-05
    1.437980e+07    2.943520e-05
    1.458268e+07    2.935100e-05
    1.478841e+07    2.926560e-05
    1.499705e+07    2.917900e-05
    1.520863e+07    2.909120e-05
    1.542320e+07    2.900210e-05
    1.564079e+07    2.891180e-05
    1.586145e+07    2.882020e-05
    1.608523e+07    2.872740e-05
    1.631217e+07    2.863320e-05
    1.654230e+07    2.853770e-05
    1.677568e+07    2.844080e-05
    1.701236e+07    2.834260e-05
    1.725237e+07    2.824290e-05
    1.749577e+07    2.814190e-05
    1.774260e+07    2.803950e-05
    1.799292e+07    2.793560e-05
    1.824677e+07    2.783020e-05
    1.850420e+07    2.772340e-05
    1.876526e+07    2.761500e-05
    1.900000e+07    2.751760e-05
    1.926806e+07    2.740780e-05
    1.953989e+07    2.729640e-05
    1.981557e+07    2.718350e-05
    2.000000e+07    2.710790e-05
    2.000000e+07    2.551400e-05
    2.028216e+07    2.540480e-05
    2.056831e+07    2.529410e-05
    2.085849e+07    2.518180e-05
    2.115277e+07    2.506790e-05
    2.145119e+07    2.495240e-05
    2.175383e+07    2.483530e-05
    2.200000e+07    2.474000e-05
    2.231038e+07    2.464240e-05
    2.262514e+07    2.454340e-05
    2.294434e+07    2.444300e-05
    2.326804e+07    2.434120e-05
    2.359631e+07    2.423790e-05
    2.392921e+07    2.413320e-05
    2.426681e+07    2.402700e-05
    2.460917e+07    2.391930e-05
    2.495637e+07    2.381010e-05
    2.497999e+07    2.380270e-05
    2.533241e+07    2.369810e-05
    2.568981e+07    2.359200e-05
    2.605225e+07    2.348440e-05
    2.641980e+07    2.337530e-05
    2.679253e+07    2.326470e-05
    2.717053e+07    2.315250e-05
    2.755385e+07    2.303870e-05
    2.794259e+07    2.292330e-05
    2.833681e+07    2.280630e-05
    2.873659e+07    2.268760e-05
    2.914201e+07    2.256730e-05
    2.955315e+07    2.244520e-05
    2.997010e+07    2.232150e-05
    3.039292e+07    2.219600e-05
    3.082171e+07    2.206870e-05
    3.125655e+07    2.193960e-05
    3.169752e+07    2.180870e-05
    3.214472e+07    2.167600e-05
    3.259822e+07    2.154140e-05
    3.298484e+07    2.142660e-05
    3.345020e+07    2.130270e-05
    3.392212e+07    2.117710e-05
    3.440070e+07    2.104970e-05
    3.488604e+07    2.092060e-05
    3.537822e+07    2.078960e-05
    3.587734e+07    2.065670e-05
    3.638350e+07    2.052200e-05
    3.689681e+07    2.038540e-05
    3.698648e+07    2.036150e-05
    3.750830e+07    2.024140e-05
    3.803747e+07    2.011960e-05
    3.857411e+07    1.999610e-05
    3.911832e+07    1.987090e-05
    3.967021e+07    1.974390e-05
    4.000000e+07    1.966800e-05
    4.056433e+07    1.955630e-05
    4.113662e+07    1.944290e-05
    4.171698e+07    1.932800e-05
    4.230553e+07    1.921150e-05
    4.290239e+07    1.909330e-05
    4.350766e+07    1.897350e-05
    4.400000e+07    1.887600e-05
    4.462076e+07    1.876790e-05
    4.525028e+07    1.865830e-05
    4.588868e+07    1.854710e-05
    4.653609e+07    1.843440e-05
    4.719263e+07    1.832000e-05
    4.785843e+07    1.820410e-05
    4.853363e+07    1.808650e-05
    4.921835e+07    1.796730e-05
    4.991273e+07    1.784630e-05
    5.061691e+07    1.772370e-05
    5.099020e+07    1.765870e-05
    5.170958e+07    1.754880e-05
    5.243910e+07    1.743730e-05
    5.317893e+07    1.732430e-05
    5.392918e+07    1.720970e-05
    5.469003e+07    1.709350e-05
    5.546161e+07    1.697560e-05
    5.624407e+07    1.685600e-05
    5.699123e+07    1.674190e-05
    5.779527e+07    1.663510e-05
    5.861066e+07    1.652680e-05
    5.943755e+07    1.641700e-05
    6.027611e+07    1.630570e-05
    6.112649e+07    1.619270e-05
    6.198888e+07    1.607820e-05
    6.286343e+07    1.596210e-05
    6.299206e+07    1.594500e-05
    6.388077e+07    1.584230e-05
    6.478201e+07    1.573810e-05
    6.569597e+07    1.563250e-05
    6.662282e+07    1.552530e-05
    6.756275e+07    1.541670e-05
    6.851594e+07    1.530650e-05
    6.948257e+07    1.519480e-05
    7.000000e+07    1.513500e-05
    7.098757e+07    1.503470e-05
    7.198908e+07    1.493300e-05
    7.300472e+07    1.482980e-05
    7.403468e+07    1.472520e-05
    7.507918e+07    1.461910e-05
    7.613841e+07    1.451150e-05
    7.699351e+07    1.442470e-05
    7.807975e+07    1.432890e-05
    7.918131e+07    1.423180e-05
    8.029842e+07    1.413330e-05
    8.143128e+07    1.403340e-05
    8.258013e+07    1.393210e-05
    8.374519e+07    1.382940e-05
    8.492668e+07    1.372520e-05
    8.499412e+07    1.371930e-05
    8.619323e+07    1.362880e-05
    8.740926e+07    1.353700e-05
    8.864245e+07    1.344390e-05
    8.989304e+07    1.334950e-05
    9.116126e+07    1.325370e-05
    9.244739e+07    1.315660e-05
    9.299462e+07    1.311530e-05
    9.430661e+07    1.302970e-05
    9.563711e+07    1.294280e-05
    9.698637e+07    1.285470e-05
    9.835468e+07    1.276540e-05
    9.974228e+07    1.267480e-05
    1.000000e+08    1.265800e-05
    1.014108e+08    1.257980e-05
    1.028415e+08    1.250060e-05
    1.042925e+08    1.242020e-05
    1.057638e+08    1.233870e-05
    1.072560e+08    1.225600e-05
    1.087692e+08    1.217220e-05
    1.100000e+08    1.210400e-05
    1.115519e+08    1.203260e-05
    1.131257e+08    1.196020e-05
    1.147217e+08    1.188680e-05
    1.163402e+08    1.181240e-05
    1.179816e+08    1.173680e-05
    1.196461e+08    1.166030e-05
    1.200000e+08    1.164400e-05
    1.216930e+08    1.158030e-05
    1.234099e+08    1.151580e-05
    1.251509e+08    1.145030e-05
    1.269166e+08    1.138390e-05
    1.287072e+08    1.131660e-05
    1.300000e+08    1.126800e-05
    1.318341e+08    1.121240e-05
    1.336940e+08    1.115610e-05
    1.355802e+08    1.109890e-05
    1.374930e+08    1.104100e-05
    1.394328e+08    1.098220e-05
    1.400000e+08    1.096500e-05
    1.419751e+08    1.089870e-05
    1.439782e+08    1.083140e-05
    1.460094e+08    1.076310e-05
    1.480694e+08    1.069390e-05
    1.501584e+08    1.062380e-05
    1.522768e+08    1.055260e-05
    1.544252e+08    1.048040e-05
    1.554922e+08    1.044460e-05
    1.576859e+08    1.038040e-05
    1.599106e+08    1.031520e-05
    1.621666e+08    1.024920e-05
    1.644545e+08    1.018220e-05
    1.667747e+08    1.011430e-05
    1.691276e+08    1.004540e-05
    1.701187e+08    1.001640e-05
    1.725187e+08    9.955620e-06
    1.749527e+08    9.893970e-06
    1.774209e+08    9.831460e-06
    1.799240e+08    9.768070e-06
    1.824624e+08    9.703780e-06
    1.850366e+08    9.638580e-06
    1.876472e+08    9.572470e-06
    1.894977e+08    9.525600e-06
    1.921712e+08    9.465450e-06
    1.948824e+08    9.404450e-06
    1.976318e+08    9.342580e-06
    2.000000e+08    9.289300e-06


