    energy(eV)      sigma_s(b)
    1.000000e-05    5.574584e+01
    1.103037e-05    5.308949e+01
    1.216691e-05    5.056082e+01
    1.342055e-05    4.815373e+01
    1.480336e-05    4.586244e+01
    1.632865e-05    4.368143e+01
    1.801111e-05    4.160546e+01
    1.986691e-05    3.962955e+01
    2.191394e-05    3.774893e+01
    2.417189e-05    3.595908e+01
    2.666248e-05    3.425570e+01
    2.940971e-05    3.263469e+01
    3.243999e-05    3.109216e+01
    3.578251e-05    2.962439e+01
    3.946943e-05    2.822785e+01
    4.353624e-05    2.689918e+01
    4.802208e-05    2.563518e+01
    5.297013e-05    2.443282e+01
    5.842801e-05    2.328920e+01
    6.444825e-05    2.220156e+01
    7.108881e-05    2.116729e+01
    7.841358e-05    2.018390e+01
    8.649308e-05    1.924902e+01
    9.540506e-05    1.836039e+01
    1.052353e-04    1.751588e+01
    1.160784e-04    1.671345e+01
    1.289420e-04    1.589800e+01
    1.432240e-04    1.512675e+01
    1.590958e-04    1.439683e+01
    1.767178e-04    1.370689e+01
    1.963013e-04    1.305437e+01
    2.180443e-04    1.243805e+01
    2.422075e-04    1.185565e+01
    2.690352e-04    1.130606e+01
    2.988492e-04    1.078724e+01
    3.319507e-04    1.029820e+01
    3.687368e-04    9.837093e+00
    4.095793e-04    9.403040e+00
    4.549680e-04    8.994386e+00
    5.053618e-04    8.610326e+00
    5.613650e-04    8.249376e+00
    6.235436e-04    7.910801e+00
    6.974952e-04    7.572902e+00
    7.802173e-04    7.257933e+00
    8.727501e-04    6.964772e+00
    9.762572e-04    6.692340e+00
    1.092040e-03    6.439607e+00
    1.230172e-03    6.191503e+00
    1.385708e-03    5.963467e+00
    1.560985e-03    5.754198e+00
    1.770751e-03    5.552021e+00
    2.008705e-03    5.368527e+00
    2.294596e-03    5.193789e+00
    2.621306e-03    5.037040e+00
    3.015509e-03    4.890059e+00
    3.493293e-03    4.753914e+00
    4.075325e-03    4.629318e+00
    4.787870e-03    4.516698e+00
    5.664399e-03    4.416161e+00
    6.795943e-03    4.324194e+00
    8.326477e-03    4.239274e+00
    1.034614e-02    4.165541e+00
    1.322035e-02    4.099412e+00
    1.749560e-02    4.041236e+00
    2.414725e-02    3.991679e+00
    2.524188e-02    3.986027e+00
    2.530000e-02    3.985740e+00
    3.745250e-02    3.945372e+00
    6.072948e-02    3.913161e+00
    1.148747e-01    3.888731e+00
    2.936784e-01    3.872049e+00
    1.840410e+00    3.863038e+00
    8.471720e+04    3.676258e+00
    1.414403e+05    3.567251e+00
    1.894627e+05    3.487678e+00
    2.304366e+05    3.441138e+00
    2.577661e+05    3.426638e+00
    2.623438e+05    3.425903e+00
    2.814853e+05    3.437044e+00
    2.950490e+05    3.457956e+00
    3.043192e+05    3.480568e+00
    3.176941e+05    3.531942e+00
    3.277019e+05    3.591124e+00
    3.353906e+05    3.652960e+00
    3.420313e+05    3.722847e+00
    3.486719e+05    3.812119e+00
    3.553125e+05    3.926966e+00
    3.602929e+05    4.036348e+00
    3.652734e+05    4.167471e+00
    3.685938e+05    4.272508e+00
    3.719141e+05    4.393845e+00
    3.752344e+05    4.534593e+00
    3.785547e+05    4.698584e+00
    3.818750e+05    4.890555e+00
    3.851953e+05    5.116335e+00
    3.876856e+05    5.313587e+00
    3.901758e+05    5.534938e+00
    3.926660e+05    5.790747e+00
    3.951563e+05    6.079112e+00
    3.968164e+05    6.295670e+00
    3.984766e+05    6.532955e+00
    4.001367e+05    6.793118e+00
    4.017969e+05    7.078473e+00
    4.034570e+05    7.391476e+00
    4.051172e+05    7.734683e+00
    4.067773e+05    8.110673e+00
    4.084375e+05    8.521939e+00
    4.100977e+05    8.970709e+00
    4.117578e+05    9.458711e+00
    4.134180e+05    9.986845e+00
    4.150781e+05    1.055474e+01
    4.175683e+05    1.147919e+01
    4.213498e+05    1.298480e+01
    4.250391e+05    1.446721e+01
    4.266992e+05    1.507375e+01
    4.283594e+05    1.560754e+01
    4.300195e+05    1.604253e+01
    4.312647e+05    1.628570e+01
    4.325098e+05    1.645879e+01
    4.337548e+05    1.654146e+01
    4.341699e+05    1.655554e+01
    4.355689e+05    1.651309e+01
    4.365528e+05    1.642487e+01
    4.375879e+05    1.627881e+01
    4.391406e+05    1.597081e+01
    4.406934e+05    1.555656e+01
    4.422460e+05    1.506130e+01
    4.432812e+05    1.471607e+01
    4.515625e+05    1.160118e+01
    4.536328e+05    1.087932e+01
    4.557031e+05    1.020923e+01
    4.577734e+05    9.594317e+00
    4.598438e+05    9.034587e+00
    4.619141e+05    8.527825e+00
    4.639844e+05    8.070559e+00
    4.660547e+05    7.658706e+00
    4.681250e+05    7.288015e+00
    4.701953e+05    6.954314e+00
    4.722656e+05    6.653673e+00
    4.743359e+05    6.382473e+00
    4.764062e+05    6.137441e+00
    4.784766e+05    5.915645e+00
    4.805469e+05    5.714478e+00
    4.836524e+05    5.448251e+00
    4.867578e+05    5.213066e+00
    4.898632e+05    5.010124e+00
    4.929688e+05    4.829286e+00
    4.971094e+05    4.621820e+00
    5.012500e+05    4.444423e+00
    5.053906e+05    4.291569e+00
    5.095313e+05    4.158877e+00
    5.136719e+05    4.042879e+00
    5.198828e+05    3.895566e+00
    5.260937e+05    3.769933e+00
    5.343750e+05    3.632966e+00
    5.426563e+05    3.520933e+00
    5.509375e+05    3.427663e+00
    5.592187e+05    3.348775e+00
    5.715032e+05    3.252673e+00
    5.840625e+05    3.170692e+00
    6.006250e+05    3.083874e+00
    6.215412e+05    2.997772e+00
    6.426911e+05    2.927304e+00
    6.668750e+05    2.861141e+00
    7.049379e+05    2.783538e+00
    7.375000e+05    2.736461e+00
    7.615847e+05    2.715937e+00
    7.750000e+05    2.708956e+00
    7.937500e+05    2.709238e+00
    8.171875e+05    2.729686e+00
    8.312500e+05    2.755571e+00
    8.406250e+05    2.781565e+00
    8.500000e+05    2.816018e+00
    8.593750e+05    2.861004e+00
    8.687500e+05    2.919247e+00
    8.781250e+05    2.994335e+00
    8.851562e+05    3.065328e+00
    8.921875e+05    3.149505e+00
    8.992188e+05    3.253631e+00
    9.039062e+05    3.334385e+00
    9.085938e+05    3.426358e+00
    9.132812e+05    3.531191e+00
    9.156250e+05    3.587115e+00
    9.203125e+05    3.714559e+00
    9.250000e+05    3.859973e+00
    9.296875e+05    4.025824e+00
    9.343750e+05    4.214762e+00
    9.390625e+05    4.429502e+00
    9.437500e+05    4.672627e+00
    9.484375e+05    4.946264e+00
    9.531250e+05    5.251568e+00
    9.578125e+05    5.588001e+00
    9.625000e+05    5.952397e+00
    9.765625e+05    7.119269e+00
    9.824219e+05    7.556392e+00
    9.859375e+05    7.778826e+00
    9.894531e+05    7.952340e+00
    9.917969e+05    8.040686e+00
    9.941407e+05    8.103743e+00
    9.964843e+05    8.140346e+00
    9.976562e+05    8.151670e+00
    1.000703e+06    8.136886e+00
    1.003750e+06    8.087631e+00
    1.007500e+06    7.966579e+00
    1.011250e+06    7.793960e+00
    1.015000e+06    7.580960e+00
    1.018750e+06    7.339159e+00
    1.033750e+06    6.283970e+00
    1.039375e+06    5.904025e+00
    1.045000e+06    5.554656e+00
    1.050625e+06    5.240974e+00
    1.056250e+06    4.956373e+00
    1.061875e+06    4.705809e+00
    1.067500e+06    4.480478e+00
    1.073125e+06    4.283096e+00
    1.078750e+06    4.105711e+00
    1.082500e+06    3.999317e+00
    1.090000e+06    3.809698e+00
    1.097500e+06    3.646648e+00
    1.105000e+06    3.505764e+00
    1.112500e+06    3.383403e+00
    1.120000e+06    3.276601e+00
    1.128281e+06    3.173868e+00
    1.136562e+06    3.084583e+00
    1.144844e+06    3.006709e+00
    1.157266e+06    2.908902e+00
    1.169687e+06    2.827447e+00
    1.182109e+06    2.763808e+00
    1.194531e+06    2.713679e+00
    1.206953e+06    2.681266e+00
    1.215234e+06    2.669389e+00
    1.219375e+06    2.665757e+00
    1.227656e+06    2.669762e+00
    1.235937e+06    2.688688e+00
    1.242149e+06    2.716894e+00
    1.248359e+06    2.758910e+00
    1.252500e+06    2.798677e+00
    1.256641e+06    2.850009e+00
    1.260781e+06    2.915924e+00
    1.264922e+06    3.000384e+00
    1.268027e+06    3.079866e+00
    1.271133e+06    3.174040e+00
    1.273203e+06    3.248126e+00
    1.275273e+06    3.332242e+00
    1.277344e+06    3.427790e+00
    1.279414e+06    3.536343e+00
    1.281484e+06    3.659630e+00
    1.283555e+06    3.799516e+00
    1.285625e+06    3.957915e+00
    1.287695e+06    4.136676e+00
    1.289766e+06    4.337365e+00
    1.291836e+06    4.560919e+00
    1.293906e+06    4.807185e+00
    1.295977e+06    5.074321e+00
    1.302188e+06    5.938706e+00
    1.304258e+06    6.209046e+00
    1.306328e+06    6.442716e+00
    1.307881e+06    6.580816e+00
    1.309434e+06    6.683892e+00
    1.310986e+06    6.739714e+00
    1.312539e+06    6.753448e+00
    1.314092e+06    6.717067e+00
    1.315645e+06    6.641255e+00
    1.316680e+06    6.567683e+00
    1.318750e+06    6.377763e+00
    1.320820e+06    6.145393e+00
    1.324961e+06    5.620484e+00
    1.329102e+06    5.096552e+00
    1.331172e+06    4.854710e+00
    1.333242e+06    4.630492e+00
    1.335313e+06    4.424907e+00
    1.337383e+06    4.237819e+00
    1.339453e+06    4.068379e+00
    1.341523e+06    3.915351e+00
    1.343594e+06    3.777322e+00
    1.345664e+06    3.652850e+00
    1.347734e+06    3.540530e+00
    1.350840e+06    3.393016e+00
    1.353945e+06    3.263941e+00
    1.356016e+06    3.188302e+00
    1.360156e+06    3.056463e+00
    1.364297e+06    2.945978e+00
    1.368437e+06    2.852506e+00
    1.372578e+06    2.772655e+00
    1.376719e+06    2.703804e+00
    1.382930e+06    2.617592e+00
    1.385000e+06    2.591380e+00
    1.393281e+06    2.503552e+00
    1.401563e+06    2.432929e+00
    1.409844e+06    2.374716e+00
    1.422265e+06    2.304598e+00
    1.434688e+06    2.246806e+00
    1.451250e+06    2.185043e+00
    1.467812e+06    2.134293e+00
    1.484375e+06    2.091046e+00
    1.517500e+06    2.019163e+00
    1.550625e+06    1.959696e+00
    1.592031e+06    1.897725e+00
    1.616875e+06    1.870315e+00
    1.625156e+06    1.868677e+00
    1.629297e+06    1.872758e+00
    1.633438e+06    1.884718e+00
    1.635508e+06    1.896554e+00
    1.638095e+06    1.922689e+00
    1.639648e+06    1.948396e+00
    1.640684e+06    1.973349e+00
    1.641978e+06    2.018322e+00
    1.642754e+06    2.056133e+00
    1.643271e+06    2.088315e+00
    1.643789e+06    2.127812e+00
    1.644307e+06    2.176906e+00
    1.644954e+06    2.256373e+00
    1.645342e+06    2.317548e+00
    1.645730e+06    2.392611e+00
    1.646118e+06    2.485117e+00
    1.646377e+06    2.559527e+00
    1.646636e+06    2.646601e+00
    1.646895e+06    2.749246e+00
    1.647153e+06    2.870141e+00
    1.647347e+06    2.976107e+00
    1.647542e+06    3.098403e+00
    1.647736e+06    3.239047e+00
    1.647930e+06    3.402304e+00
    1.648124e+06    3.591489e+00
    1.648253e+06    3.734919e+00
    1.648383e+06    3.893922e+00
    1.648512e+06    4.070342e+00
    1.648642e+06    4.266272e+00
    1.648770e+06    4.483313e+00
    1.648900e+06    4.724051e+00
    1.649029e+06    4.990002e+00
    1.649159e+06    5.282651e+00
    1.649289e+06    5.602934e+00
    1.649418e+06    5.949715e+00
    1.649612e+06    6.516471e+00
    1.650046e+06    7.856447e+00
    1.650186e+06    8.242137e+00
    1.650278e+06    8.463128e+00
    1.650371e+06    8.649342e+00
    1.650464e+06    8.790937e+00
    1.650557e+06    8.882336e+00
    1.650649e+06    8.919258e+00
    1.650742e+06    8.900656e+00
    1.650835e+06    8.826886e+00
    1.650928e+06    8.701352e+00
    1.651021e+06    8.529118e+00
    1.651160e+06    8.201517e+00
    1.651299e+06    7.809853e+00
    1.651763e+06    6.385106e+00
    1.651901e+06    5.981295e+00
    1.652041e+06    5.606560e+00
    1.652181e+06    5.263423e+00
    1.652319e+06    4.953053e+00
    1.652458e+06    4.671775e+00
    1.652598e+06    4.419345e+00
    1.652736e+06    4.194321e+00
    1.652876e+06    3.992378e+00
    1.652969e+06    3.870453e+00
    1.653154e+06    3.652100e+00
    1.653340e+06    3.461883e+00
    1.653525e+06    3.297682e+00
    1.653711e+06    3.154505e+00
    1.653896e+06    3.030043e+00
    1.654082e+06    2.920773e+00
    1.654268e+06    2.824737e+00
    1.654546e+06    2.701527e+00
    1.654824e+06    2.598419e+00
    1.655103e+06    2.511491e+00
    1.655381e+06    2.439153e+00
    1.655566e+06    2.394976e+00
    1.655937e+06    2.320310e+00
    1.656309e+06    2.258523e+00
    1.656680e+06    2.206914e+00
    1.657236e+06    2.144346e+00
    1.657793e+06    2.094420e+00
    1.658164e+06    2.067006e+00
    1.658906e+06    2.022115e+00
    1.659648e+06    1.987145e+00
    1.660762e+06    1.948040e+00
    1.661875e+06    1.918698e+00
    1.663359e+06    1.890507e+00
    1.664844e+06    1.869971e+00
    1.667813e+06    1.842144e+00
    1.672265e+06    1.817420e+00
    1.679688e+06    1.792530e+00
    1.691562e+06    1.768485e+00
    1.768750e+06    1.652674e+00
    1.792500e+06    1.608235e+00
    1.816250e+06    1.548918e+00
    1.819590e+06    1.550417e+00
    1.820703e+06    1.554621e+00
    1.822559e+06    1.572192e+00
    1.823672e+06    1.592255e+00
    1.824414e+06    1.612582e+00
    1.825156e+06    1.640714e+00
    1.825898e+06    1.679543e+00
    1.826456e+06    1.718575e+00
    1.827012e+06    1.768516e+00
    1.827383e+06    1.809866e+00
    1.827754e+06    1.859052e+00
    1.828125e+06    1.917669e+00
    1.828496e+06    1.987637e+00
    1.828960e+06    2.093941e+00
    1.829238e+06    2.170318e+00
    1.829517e+06    2.257742e+00
    1.829795e+06    2.357407e+00
    1.830073e+06    2.470661e+00
    1.830352e+06    2.599085e+00
    1.830630e+06    2.743577e+00
    1.830908e+06    2.904919e+00
    1.831094e+06    3.022703e+00
    1.831465e+06    3.278508e+00
    1.832022e+06    3.699687e+00
    1.832671e+06    4.197488e+00
    1.832949e+06    4.384258e+00
    1.833228e+06    4.540663e+00
    1.833413e+06    4.623691e+00
    1.833599e+06    4.687519e+00
    1.833784e+06    4.731095e+00
    1.833969e+06    4.754106e+00
    1.834062e+06    4.758104e+00
    1.834341e+06    4.741185e+00
    1.834619e+06    4.685998e+00
    1.834805e+06    4.630589e+00
    1.835176e+06    4.489133e+00
    1.835547e+06    4.321342e+00
    1.836475e+06    3.873134e+00
    1.837031e+06    3.623677e+00
    1.837402e+06    3.473377e+00
    1.837773e+06    3.336539e+00
    1.838145e+06    3.212730e+00
    1.838516e+06    3.101310e+00
    1.839072e+06    2.955344e+00
    1.839629e+06    2.830223e+00
    1.840000e+06    2.757524e+00
    1.840547e+06    2.663107e+00
    1.841094e+06    2.581539e+00
    1.841641e+06    2.510834e+00
    1.842461e+06    2.421851e+00
    1.843281e+06    2.347787e+00
    1.844102e+06    2.286906e+00
    1.845469e+06    2.205650e+00
    1.846562e+06    2.154767e+00
    1.847656e+06    2.113218e+00
    1.849297e+06    2.064579e+00
    1.850937e+06    2.026770e+00
    1.853125e+06    1.990209e+00
    1.855313e+06    1.964678e+00
    1.857500e+06    1.947525e+00
    1.860781e+06    1.934696e+00
    1.861875e+06    1.932446e+00
    1.865156e+06    1.935796e+00
    1.868437e+06    1.949518e+00
    1.871719e+06    1.976909e+00
    1.873906e+06    2.002666e+00
    1.876094e+06    2.035776e+00
    1.877188e+06    2.054429e+00
    1.879375e+06    2.100654e+00
    1.881563e+06    2.157564e+00
    1.883750e+06    2.226836e+00
    1.885938e+06    2.310142e+00
    1.888125e+06    2.408767e+00
    1.890312e+06    2.522981e+00
    1.892500e+06    2.651027e+00
    1.896875e+06    2.923869e+00
    1.899063e+06    3.045213e+00
    1.900156e+06    3.095240e+00
    1.901250e+06    3.135380e+00
    1.902344e+06    3.164075e+00
    1.903438e+06    3.180185e+00
    1.904531e+06    3.183189e+00
    1.905625e+06    3.173232e+00
    1.906719e+06    3.151091e+00
    1.908359e+06    3.097194e+00
    1.910000e+06    3.026231e+00
    1.912974e+06    2.868633e+00
    1.917647e+06    2.612962e+00
    1.920195e+06    2.487077e+00
    1.922744e+06    2.377496e+00
    1.925293e+06    2.281423e+00
    1.927842e+06    2.200216e+00
    1.930391e+06    2.129748e+00
    1.933789e+06    2.051825e+00
    1.937187e+06    1.987937e+00
    1.940586e+06    1.935074e+00
    1.943984e+06    1.890858e+00
    1.949082e+06    1.837410e+00
    1.950781e+06    1.821475e+00
    1.957578e+06    1.769668e+00
    1.964375e+06    1.729408e+00
    1.971172e+06    1.697028e+00
    1.977969e+06    1.670191e+00
    1.991562e+06    1.627458e+00
    2.005156e+06    1.593840e+00
    2.018750e+06    1.565636e+00
    2.045937e+06    1.518028e+00
    2.127500e+06    1.391266e+00
    2.154688e+06    1.342407e+00
    2.175078e+06    1.298857e+00
    2.188672e+06    1.265337e+00
    2.195469e+06    1.247447e+00
    2.209062e+06    1.205791e+00
    2.222656e+06    1.156322e+00
    2.232851e+06    1.112205e+00
    2.239649e+06    1.079102e+00
    2.246445e+06    1.042346e+00
    2.249844e+06    1.022972e+00
    2.256641e+06    9.798299e-01
    2.263437e+06    9.316865e-01
    2.270234e+06    8.779772e-01
    2.277031e+06    8.182056e-01
    2.282129e+06    7.689857e-01
    2.287227e+06    7.164659e-01
    2.292324e+06    6.600107e-01
    2.297422e+06    6.005935e-01
    2.305918e+06    4.955622e-01
    2.317813e+06    3.453774e-01
    2.322061e+06    2.945084e-01
    2.324609e+06    2.654963e-01
    2.326309e+06    2.470496e-01
    2.328008e+06    2.293982e-01
    2.329707e+06    2.126349e-01
    2.331406e+06    1.968524e-01
    2.333105e+06    1.821404e-01
    2.334805e+06    1.685841e-01
    2.336504e+06    1.562584e-01
    2.337778e+06    1.478968e-01
    2.339053e+06    1.402505e-01
    2.340327e+06    1.334553e-01
    2.341602e+06    1.274133e-01
    2.342876e+06    1.222678e-01
    2.344150e+06    1.179090e-01
    2.345000e+06    1.155060e-01
    2.346211e+06    1.127483e-01
    2.347422e+06    1.107773e-01
    2.348633e+06    1.095992e-01
    2.349844e+06    1.092132e-01
    2.351055e+06    1.096156e-01
    2.352266e+06    1.107997e-01
    2.353477e+06    1.126367e-01
    2.354158e+06    1.118624e-01
    2.354536e+06    1.108719e-01
    2.354763e+06    1.099411e-01
    2.354915e+06    1.089840e-01
    2.355066e+06    1.074738e-01
    2.355180e+06    1.055165e-01
    2.355265e+06    1.040052e-01
    2.355304e+06    1.037679e-01
    2.355350e+06    1.040969e-01
    2.355406e+06    1.052270e-01
    2.355520e+06    1.080504e-01
    2.355596e+06    1.095130e-01
    2.355747e+06    1.117098e-01
    2.355898e+06    1.134488e-01
    2.356201e+06    1.163073e-01
    2.356504e+06    1.187409e-01
    2.357109e+06    1.229327e-01
    2.358320e+06    1.280016e-01
    2.359531e+06    1.335755e-01
    2.360742e+06    1.398056e-01
    2.361953e+06    1.466669e-01
    2.363164e+06    1.541313e-01
    2.364375e+06    1.621694e-01
    2.366192e+06    1.752825e-01
    2.368008e+06    1.894149e-01
    2.369825e+06    2.047332e-01
    2.371641e+06    2.206889e-01
    2.374062e+06    2.433252e-01
    2.376484e+06    2.670977e-01
    2.380117e+06    3.045206e-01
    2.387383e+06    3.817613e-01
    2.394649e+06    4.592359e-01
    2.398281e+06    4.970014e-01
    2.403125e+06    5.452869e-01
    2.407969e+06    5.910109e-01
    2.412813e+06    6.338965e-01
    2.417656e+06    6.738199e-01
    2.422500e+06    7.107719e-01
    2.427344e+06    7.448215e-01
    2.432187e+06    7.760908e-01
    2.437031e+06    8.047344e-01
    2.444297e+06    8.428967e-01
    2.451563e+06    8.766463e-01
    2.461250e+06    9.146567e-01
    2.470938e+06    9.462253e-01
    2.480625e+06    9.724355e-01
    2.490312e+06    9.942035e-01
    2.500000e+06    1.012285e+00
    2.515625e+06    1.035224e+00
    2.531250e+06    1.052197e+00
    2.546875e+06    1.064673e+00
    2.562500e+06    1.073734e+00
    2.593750e+06    1.084625e+00
    2.625000e+06    1.089134e+00
    2.706458e+06    1.087764e+00
    2.750000e+06    1.085123e+00
    2.812500e+06    1.085196e+00
    2.843750e+06    1.089008e+00
    2.875000e+06    1.096963e+00
    2.906250e+06    1.110768e+00
    2.929688e+06    1.126674e+00
    2.953125e+06    1.147880e+00
    2.968750e+06    1.166372e+00
    2.984375e+06    1.188909e+00
    3.000000e+06    1.216254e+00
    3.015625e+06    1.249312e+00
    3.031250e+06    1.289145e+00
    3.046875e+06    1.336987e+00
    3.062500e+06    1.394230e+00
    3.074218e+06    1.444624e+00
    3.085938e+06    1.501138e+00
    3.097656e+06    1.565974e+00
    3.109375e+06    1.638099e+00
    3.121094e+06    1.719828e+00
    3.132812e+06    1.809620e+00
    3.140625e+06    1.874867e+00
    3.156250e+06    2.017062e+00
    3.171875e+06    2.173111e+00
    3.218750e+06    2.676011e+00
    3.238282e+06    2.865131e+00
    3.250000e+06    2.964193e+00
    3.259375e+06    3.032463e+00
    3.268750e+06    3.090627e+00
    3.278125e+06    3.138401e+00
    3.287500e+06    3.175928e+00
    3.301563e+06    3.213218e+00
    3.315625e+06    3.233655e+00
    3.325000e+06    3.237946e+00
    3.343750e+06    3.231105e+00
    3.381250e+06    3.184972e+00
    3.400000e+06    3.158875e+00
    3.450000e+06    3.113625e+00
    3.475000e+06    3.106468e+00
    3.512189e+06    3.115765e+00
    3.600000e+06    3.157617e+00
    3.631875e+06    3.151052e+00
    3.653125e+06    3.135193e+00
    3.685000e+06    3.094277e+00
    3.711563e+06    3.059310e+00
    3.716875e+06    3.054802e+00
    3.724844e+06    3.058327e+00
    3.730156e+06    3.069993e+00
    3.732813e+06    3.078574e+00
    3.738125e+06    3.113842e+00
    3.740781e+06    3.142911e+00
    3.743438e+06    3.183969e+00
    3.746094e+06    3.242239e+00
    3.748086e+06    3.303039e+00
    3.750078e+06    3.382219e+00
    3.751406e+06    3.450383e+00
    3.752734e+06    3.534054e+00
    3.754062e+06    3.637344e+00
    3.755391e+06    3.765193e+00
    3.756387e+06    3.881612e+00
    3.757383e+06    4.017813e+00
    3.758379e+06    4.179058e+00
    3.759375e+06    4.365533e+00
    3.760371e+06    4.581572e+00
    3.761367e+06    4.826976e+00
    3.762695e+06    5.174796e+00
    3.764023e+06    5.523003e+00
    3.764687e+06    5.674993e+00
    3.765352e+06    5.798552e+00
    3.766182e+06    5.899050e+00
    3.766763e+06    5.924683e+00
    3.766846e+06    5.925077e+00
    3.767344e+06    5.911129e+00
    3.767842e+06    5.868531e+00
    3.768672e+06    5.740055e+00
    3.769336e+06    5.597094e+00
    3.770000e+06    5.428582e+00
    3.772246e+06    4.802206e+00
    3.773144e+06    4.567513e+00
    3.773594e+06    4.456182e+00
    3.774492e+06    4.254630e+00
    3.775391e+06    4.076824e+00
    3.776289e+06    3.921575e+00
    3.777188e+06    3.786648e+00
    3.778086e+06    3.669634e+00
    3.778984e+06    3.568084e+00
    3.780332e+06    3.440726e+00
    3.781680e+06    3.335252e+00
    3.782578e+06    3.276078e+00
    3.784375e+06    3.177286e+00
    3.786172e+06    3.098650e+00
    3.787969e+06    3.035028e+00
    3.790664e+06    2.960525e+00
    3.793359e+06    2.903905e+00
    3.795156e+06    2.869394e+00
    3.798750e+06    2.816285e+00
    3.804141e+06    2.755940e+00
    3.813125e+06    2.680715e+00
    3.823906e+06    2.613303e+00
    3.841875e+06    2.522001e+00
    3.863437e+06    2.431585e+00
    3.885000e+06    2.352563e+00
    3.906562e+06    2.286187e+00
    3.928125e+06    2.231511e+00
    3.956875e+06    2.166525e+00
    3.974843e+06    2.126305e+00
    3.985625e+06    2.093581e+00
    3.992813e+06    2.063218e+00
    4.000000e+06    2.021856e+00
    4.006250e+06    1.972993e+00
    4.010937e+06    1.925483e+00
    4.015625e+06    1.868425e+00
    4.020313e+06    1.798825e+00
    4.025000e+06    1.719204e+00
    4.034375e+06    1.537553e+00
    4.039062e+06    1.446541e+00
    4.042187e+06    1.390670e+00
    4.043750e+06    1.364060e+00
    4.046875e+06    1.317048e+00
    4.050000e+06    1.277284e+00
    4.053125e+06    1.245002e+00
    4.056250e+06    1.219869e+00
    4.059375e+06    1.201124e+00
    4.062500e+06    1.187754e+00
    4.067188e+06    1.175632e+00
    4.075000e+06    1.166504e+00
    4.087500e+06    1.158408e+00
    4.096875e+06    1.145642e+00
    4.113281e+06    1.114575e+00
    4.115937e+06    1.110433e+00
    4.121250e+06    1.108152e+00
    4.123906e+06    1.110875e+00
    4.126563e+06    1.117274e+00
    4.129219e+06    1.128293e+00
    4.131875e+06    1.144990e+00
    4.134531e+06    1.168494e+00
    4.137188e+06    1.199935e+00
    4.139844e+06    1.240335e+00
    4.142500e+06    1.290466e+00
    4.145156e+06    1.350663e+00
    4.147812e+06    1.420626e+00
    4.150469e+06    1.499250e+00
    4.154453e+06    1.629156e+00
    4.159765e+06    1.806340e+00
    4.162422e+06    1.889194e+00
    4.163750e+06    1.928751e+00
    4.166406e+06    1.998494e+00
    4.169062e+06    2.056599e+00
    4.171719e+06    2.102083e+00
    4.174375e+06    2.134873e+00
    4.177031e+06    2.155631e+00
    4.179688e+06    2.165509e+00
    4.182344e+06    2.165922e+00
    4.185703e+06    2.154363e+00
    4.189063e+06    2.134586e+00
    4.193125e+06    2.100076e+00
    4.199219e+06    2.035245e+00
    4.233750e+06    1.612751e+00
    4.241875e+06    1.518752e+00
    4.250000e+06    1.430307e+00
    4.257812e+06    1.354869e+00
    4.262500e+06    1.316975e+00
    4.265625e+06    1.297097e+00
    4.268750e+06    1.282990e+00
    4.271875e+06    1.276499e+00
    4.274219e+06    1.278359e+00
    4.276562e+06    1.286551e+00
    4.278906e+06    1.303725e+00
    4.280468e+06    1.320302e+00
    4.282032e+06    1.341720e+00
    4.283594e+06    1.368454e+00
    4.285157e+06    1.400955e+00
    4.286719e+06    1.439625e+00
    4.288281e+06    1.484788e+00
    4.289843e+06    1.536649e+00
    4.291406e+06    1.595264e+00
    4.292968e+06    1.660508e+00
    4.294531e+06    1.732044e+00
    4.296875e+06    1.849480e+00
    4.300000e+06    2.021710e+00
    4.306250e+06    2.380162e+00
    4.309375e+06    2.544331e+00
    4.311718e+06    2.651888e+00
    4.314063e+06    2.744558e+00
    4.316407e+06    2.817701e+00
    4.318750e+06    2.873702e+00
    4.321093e+06    2.909879e+00
    4.323437e+06    2.930489e+00
    4.325000e+06    2.935203e+00
    4.327344e+06    2.931204e+00
    4.330860e+06    2.904178e+00
    4.334375e+06    2.861139e+00
    4.339062e+06    2.786301e+00
    4.355468e+06    2.496461e+00
    4.362500e+06    2.385076e+00
    4.369531e+06    2.287344e+00
    4.376563e+06    2.200158e+00
    4.381250e+06    2.148341e+00
    4.390625e+06    2.057009e+00
    4.400000e+06    1.979778e+00
    4.409375e+06    1.915201e+00
    4.418750e+06    1.860497e+00
    4.428125e+06    1.818239e+00
    4.434375e+06    1.797033e+00
    4.437500e+06    1.788150e+00
    4.443750e+06    1.779023e+00
    4.454688e+06    1.784921e+00
    4.456251e+06    1.780899e+00
    4.457813e+06    1.767609e+00
    4.458594e+06    1.754799e+00
    4.459375e+06    1.735614e+00
    4.460156e+06    1.708209e+00
    4.460938e+06    1.670599e+00
    4.461719e+06    1.621359e+00
    4.462500e+06    1.560442e+00
    4.463672e+06    1.452944e+00
    4.464844e+06    1.343609e+00
    4.465430e+06    1.295651e+00
    4.466016e+06    1.255369e+00
    4.466602e+06    1.224029e+00
    4.467187e+06    1.201422e+00
    4.467773e+06    1.187016e+00
    4.468359e+06    1.179386e+00
    4.468750e+06    1.177551e+00
    4.469532e+06    1.179428e+00
    4.470313e+06    1.186494e+00
    4.475000e+06    1.254265e+00
    4.477343e+06    1.281093e+00
    4.478125e+06    1.288749e+00
    4.481250e+06    1.311304e+00
    4.484375e+06    1.325188e+00
    4.487500e+06    1.332987e+00
    4.492188e+06    1.336731e+00
    4.493750e+06    1.336872e+00
    4.501719e+06    1.327872e+00
    4.515000e+06    1.301874e+00
    4.516875e+06    1.301350e+00
    4.518984e+06    1.307827e+00
    4.520156e+06    1.318787e+00
    4.521094e+06    1.333881e+00
    4.521797e+06    1.352863e+00
    4.522500e+06    1.381205e+00
    4.522969e+06    1.407979e+00
    4.523438e+06    1.443263e+00
    4.523789e+06    1.477235e+00
    4.524141e+06    1.519956e+00
    4.524492e+06    1.573257e+00
    4.524726e+06    1.616004e+00
    4.524961e+06    1.665508e+00
    4.525195e+06    1.722676e+00
    4.525430e+06    1.788414e+00
    4.525664e+06    1.863384e+00
    4.525899e+06    1.948078e+00
    4.526133e+06    2.042361e+00
    4.526485e+06    2.199567e+00
    4.527188e+06    2.521671e+00
    4.527422e+06    2.613056e+00
    4.527598e+06    2.668480e+00
    4.527773e+06    2.709797e+00
    4.527950e+06    2.736002e+00
    4.528125e+06    2.746372e+00
    4.528300e+06    2.741188e+00
    4.528477e+06    2.721716e+00
    4.528711e+06    2.678564e+00
    4.528945e+06    2.619841e+00
    4.529532e+06    2.439006e+00
    4.530156e+06    2.244623e+00
    4.530468e+06    2.157585e+00
    4.530781e+06    2.079193e+00
    4.531094e+06    2.009413e+00
    4.531562e+06    1.919576e+00
    4.532032e+06    1.845137e+00
    4.532500e+06    1.783319e+00
    4.532969e+06    1.731727e+00
    4.533750e+06    1.663444e+00
    4.534375e+06    1.620214e+00
    4.535000e+06    1.584745e+00
    4.535938e+06    1.542482e+00
    4.536875e+06    1.510377e+00
    4.537500e+06    1.491044e+00
    4.538750e+06    1.461042e+00
    4.540625e+06    1.427825e+00
    4.542500e+06    1.402694e+00
    4.545000e+06    1.377763e+00
    4.548750e+06    1.350710e+00
    4.553125e+06    1.328015e+00
    4.556250e+06    1.313149e+00
    4.562500e+06    1.290201e+00
    4.575000e+06    1.253653e+00
    4.587500e+06    1.224170e+00
    4.593750e+06    1.212606e+00
    4.606250e+06    1.182859e+00
    4.613282e+06    1.172238e+00
    4.613868e+06    1.172190e+00
    4.614941e+06    1.175826e+00
    4.615430e+06    1.183558e+00
    4.615722e+06    1.194634e+00
    4.615869e+06    1.206006e+00
    4.615967e+06    1.218538e+00
    4.616040e+06    1.232607e+00
    4.616113e+06    1.253577e+00
    4.616162e+06    1.274351e+00
    4.616199e+06    1.295539e+00
    4.616236e+06    1.323802e+00
    4.616272e+06    1.362124e+00
    4.616297e+06    1.395198e+00
    4.616321e+06    1.435483e+00
    4.616345e+06    1.484243e+00
    4.616369e+06    1.544697e+00
    4.616382e+06    1.580164e+00
    4.616406e+06    1.657707e+00
    4.616425e+06    1.727247e+00
    4.616449e+06    1.828755e+00
    4.616467e+06    1.911949e+00
    4.616498e+06    2.067787e+00
    4.616559e+06    2.388781e+00
    4.616583e+06    2.503186e+00
    4.616602e+06    2.581906e+00
    4.616620e+06    2.643544e+00
    4.616638e+06    2.690098e+00
    4.616656e+06    2.719652e+00
    4.616675e+06    2.731046e+00
    4.616693e+06    2.722603e+00
    4.616705e+06    2.706723e+00
    4.616724e+06    2.665658e+00
    4.616742e+06    2.610326e+00
    4.616763e+06    2.528628e+00
    4.616788e+06    2.413023e+00
    4.616833e+06    2.178785e+00
    4.616870e+06    1.986171e+00
    4.616894e+06    1.868236e+00
    4.616919e+06    1.761777e+00
    4.616943e+06    1.670140e+00
    4.616962e+06    1.607504e+00
    4.616980e+06    1.553867e+00
    4.617005e+06    1.492459e+00
    4.617029e+06    1.441908e+00
    4.617053e+06    1.401402e+00
    4.617078e+06    1.367713e+00
    4.617102e+06    1.340084e+00
    4.617139e+06    1.308235e+00
    4.617176e+06    1.284454e+00
    4.617212e+06    1.266563e+00
    4.617260e+06    1.248573e+00
    4.617334e+06    1.229604e+00
    4.617432e+06    1.213350e+00
    4.617578e+06    1.198809e+00
    4.617773e+06    1.188098e+00
    4.617969e+06    1.181968e+00
    4.618555e+06    1.173778e+00
    4.620312e+06    1.170042e+00
    4.621874e+06    1.173249e+00
    4.623828e+06    1.185215e+00
    4.625000e+06    1.199349e+00
    4.625781e+06    1.213949e+00
    4.626563e+06    1.234637e+00
    4.627344e+06    1.263700e+00
    4.627930e+06    1.292930e+00
    4.628516e+06    1.329912e+00
    4.628906e+06    1.359138e+00
    4.630273e+06    1.473743e+00
    4.630664e+06    1.500008e+00
    4.631055e+06    1.517153e+00
    4.631347e+06    1.523171e+00
    4.631445e+06    1.523451e+00
    4.631738e+06    1.518927e+00
    4.632031e+06    1.508616e+00
    4.632422e+06    1.487063e+00
    4.633203e+06    1.429489e+00
    4.633985e+06    1.371295e+00
    4.634570e+06    1.331720e+00
    4.635156e+06    1.299167e+00
    4.635937e+06    1.264404e+00
    4.636719e+06    1.237469e+00
    4.637500e+06    1.216545e+00
    4.638672e+06    1.193225e+00
    4.640625e+06    1.166951e+00
    4.642969e+06    1.147096e+00
    4.646875e+06    1.125709e+00
    4.652343e+06    1.106621e+00
    4.654687e+06    1.099551e+00
    4.668750e+06    1.066481e+00
    4.687500e+06    1.028804e+00
    4.725000e+06    9.597052e-01
    4.743750e+06    9.295874e-01
    4.753125e+06    9.176259e-01
    4.762500e+06    9.099145e-01
    4.767188e+06    9.086255e-01
    4.771875e+06    9.098803e-01
    4.776562e+06    9.145825e-01
    4.782422e+06    9.274119e-01
    4.785938e+06    9.397976e-01
    4.789453e+06    9.575926e-01
    4.792969e+06    9.810557e-01
    4.795312e+06    1.001126e+00
    4.797656e+06    1.025212e+00
    4.800000e+06    1.053910e+00
    4.802500e+06    1.090302e+00
    4.805000e+06    1.133394e+00
    4.807500e+06    1.183855e+00
    4.810000e+06    1.242139e+00
    4.812500e+06    1.308319e+00
    4.815000e+06    1.381859e+00
    4.818750e+06    1.502958e+00
    4.823750e+06    1.667491e+00
    4.825000e+06    1.706923e+00
    4.828125e+06    1.792749e+00
    4.830000e+06    1.834599e+00
    4.831875e+06    1.866571e+00
    4.833750e+06    1.889358e+00
    4.835625e+06    1.901294e+00
    4.837500e+06    1.904168e+00
    4.839609e+06    1.895748e+00
    4.841719e+06    1.879182e+00
    4.843438e+06    1.859189e+00
    4.846875e+06    1.807834e+00
    4.855468e+06    1.652565e+00
    4.860625e+06    1.557866e+00
    4.865781e+06    1.473410e+00
    4.870938e+06    1.397614e+00
    4.876094e+06    1.331874e+00
    4.881250e+06    1.273452e+00
    4.886406e+06    1.222612e+00
    4.891563e+06    1.178003e+00
    4.895000e+06    1.149474e+00
    4.901875e+06    1.099799e+00
    4.908750e+06    1.055969e+00
    4.915625e+06    1.016722e+00
    4.925937e+06    9.647683e-01
    4.936250e+06    9.182633e-01
    4.946563e+06    8.771444e-01
    4.955469e+06    8.453776e-01
    4.963672e+06    8.183261e-01
    4.971875e+06    7.949749e-01
    4.980078e+06    7.764071e-01
    4.985546e+06    7.669581e-01
    4.988281e+06    7.629600e-01
    4.993750e+06    7.582869e-01
    4.999219e+06    7.577027e-01
    5.005371e+06    7.630208e-01
    5.010156e+06    7.720464e-01
    5.014258e+06    7.840861e-01
    5.018359e+06    7.998044e-01
    5.022461e+06    8.202742e-01
    5.026562e+06    8.448520e-01
    5.030664e+06    8.744748e-01
    5.034766e+06    9.082136e-01
    5.037500e+06    9.332854e-01
    5.042969e+06    9.887213e-01
    5.048438e+06    1.050187e+00
    5.056640e+06    1.150788e+00
    5.070312e+06    1.329384e+00
    5.075781e+06    1.404647e+00
    5.082617e+06    1.506239e+00
    5.086719e+06    1.574170e+00
    5.089453e+06    1.624656e+00
    5.092187e+06    1.680676e+00
    5.094922e+06    1.743919e+00
    5.097656e+06    1.816480e+00
    5.100391e+06    1.900855e+00
    5.102441e+06    1.974106e+00
    5.104492e+06    2.056479e+00
    5.106543e+06    2.151005e+00
    5.108594e+06    2.257146e+00
    5.110645e+06    2.377730e+00
    5.111328e+06    2.420320e+00
    5.114063e+06    2.605925e+00
    5.119531e+06    3.000351e+00
    5.120898e+06    3.086099e+00
    5.122266e+06    3.157400e+00
    5.123633e+06    3.209448e+00
    5.125000e+06    3.238137e+00
    5.126172e+06    3.241965e+00
    5.127344e+06    3.225896e+00
    5.128516e+06    3.190612e+00
    5.129688e+06    3.137832e+00
    5.130859e+06    3.070166e+00
    5.132031e+06    2.990634e+00
    5.134375e+06    2.809861e+00
    5.137890e+06    2.528241e+00
    5.139648e+06    2.394300e+00
    5.141406e+06    2.271701e+00
    5.143164e+06    2.161633e+00
    5.144922e+06    2.062496e+00
    5.146680e+06    1.975333e+00
    5.148438e+06    1.897659e+00
    5.150195e+06    1.829794e+00
    5.151953e+06    1.770831e+00
    5.153125e+06    1.733436e+00
    5.155469e+06    1.669490e+00
    5.157813e+06    1.614950e+00
    5.160156e+06    1.568157e+00
    5.162500e+06    1.527745e+00
    5.166015e+06    1.477131e+00
    5.169531e+06    1.434708e+00
    5.171875e+06    1.410655e+00
    5.176563e+06    1.369821e+00
    5.181250e+06    1.336441e+00
    5.190625e+06    1.286333e+00
    5.200000e+06    1.246927e+00
    5.210938e+06    1.210898e+00
    5.221875e+06    1.181615e+00
    5.238281e+06    1.145896e+00
    5.254688e+06    1.116446e+00
    5.265625e+06    1.097874e+00
    5.297070e+06    1.052792e+00
    5.298438e+06    1.052999e+00
    5.317578e+06    1.019103e+00
    5.321680e+06    1.022122e+00
    5.325781e+06    1.024603e+00
    5.359961e+06    9.923373e-01
    5.361328e+06    9.920336e-01
    5.364404e+06    9.966279e-01
    5.365772e+06    1.003701e+00
    5.366797e+06    1.014995e+00
    5.367651e+06    1.032394e+00
    5.368164e+06    1.049606e+00
    5.368506e+06    1.065730e+00
    5.368848e+06    1.087106e+00
    5.369104e+06    1.108105e+00
    5.369360e+06    1.135305e+00
    5.369616e+06    1.170829e+00
    5.369787e+06    1.200726e+00
    5.369959e+06    1.237146e+00
    5.370130e+06    1.281772e+00
    5.370258e+06    1.321895e+00
    5.370386e+06    1.369562e+00
    5.370514e+06    1.426078e+00
    5.370642e+06    1.493514e+00
    5.370728e+06    1.546112e+00
    5.370813e+06    1.604756e+00
    5.370898e+06    1.670815e+00
    5.370984e+06    1.746030e+00
    5.371069e+06    1.829462e+00
    5.371155e+06    1.923776e+00
    5.371240e+06    2.027186e+00
    5.371326e+06    2.142036e+00
    5.371454e+06    2.329849e+00
    5.371710e+06    2.727828e+00
    5.371796e+06    2.846997e+00
    5.371859e+06    2.923925e+00
    5.371924e+06    2.987033e+00
    5.371988e+06    3.032357e+00
    5.372052e+06    3.058212e+00
    5.372095e+06    3.063980e+00
    5.372159e+06    3.055138e+00
    5.372223e+06    3.025869e+00
    5.372287e+06    2.978115e+00
    5.372351e+06    2.914382e+00
    5.372437e+06    2.809130e+00
    5.372565e+06    2.627244e+00
    5.372778e+06    2.310775e+00
    5.372907e+06    2.136581e+00
    5.372992e+06    2.032020e+00
    5.373078e+06    1.937187e+00
    5.373163e+06    1.851954e+00
    5.373248e+06    1.775846e+00
    5.373333e+06    1.708591e+00
    5.373419e+06    1.648684e+00
    5.373505e+06    1.595790e+00
    5.373633e+06    1.527826e+00
    5.373761e+06    1.471846e+00
    5.373889e+06    1.425627e+00
    5.373975e+06    1.399191e+00
    5.374146e+06    1.355345e+00
    5.374316e+06    1.320715e+00
    5.374487e+06    1.292847e+00
    5.374658e+06    1.270301e+00
    5.375000e+06    1.234619e+00
    5.375388e+06    1.202849e+00
    5.376035e+06    1.161634e+00
    5.376553e+06    1.135363e+00
    5.377070e+06    1.114108e+00
    5.377847e+06    1.089645e+00
    5.378623e+06    1.072253e+00
    5.379141e+06    1.062145e+00
    5.380176e+06    1.047388e+00
    5.381211e+06    1.036630e+00
    5.383281e+06    1.021979e+00
    5.386387e+06    1.008968e+00
    5.391563e+06    9.964469e-01
    5.399844e+06    9.855528e-01
    5.408125e+06    9.787956e-01
    5.424688e+06    9.709182e-01
    5.441250e+06    9.684363e-01
    5.459883e+06    9.726879e-01
    5.474375e+06    9.821886e-01
    5.486797e+06    9.968832e-01
    5.495078e+06    1.010424e+00
    5.499219e+06    1.018102e+00
    5.507500e+06    1.037606e+00
    5.515781e+06    1.062099e+00
    5.524063e+06    1.092489e+00
    5.532344e+06    1.129769e+00
    5.540625e+06    1.174968e+00
    5.548906e+06    1.229020e+00
    5.557187e+06    1.292560e+00
    5.565469e+06    1.365614e+00
    5.573750e+06    1.447199e+00
    5.594453e+06    1.667229e+00
    5.600664e+06    1.729663e+00
    5.606875e+06    1.784927e+00
    5.613086e+06    1.829620e+00
    5.619297e+06    1.863797e+00
    5.623437e+06    1.879084e+00
    5.629649e+06    1.890478e+00
    5.631719e+06    1.892268e+00
    5.637930e+06    1.887203e+00
    5.645000e+06    1.869564e+00
    5.650000e+06    1.849792e+00
    5.660000e+06    1.797805e+00
    5.680000e+06    1.677306e+00
    5.700000e+06    1.550926e+00
    5.710000e+06    1.493430e+00
    5.720000e+06    1.441076e+00
    5.730000e+06    1.393697e+00
    5.740000e+06    1.350967e+00
    5.755000e+06    1.295125e+00
    5.770000e+06    1.246562e+00
    5.785000e+06    1.205644e+00
    5.800000e+06    1.170043e+00
    5.815000e+06    1.140125e+00
    5.830000e+06    1.115566e+00
    5.845000e+06    1.097424e+00
    5.852500e+06    1.091710e+00
    5.860000e+06    1.089385e+00
    5.868438e+06    1.093185e+00
    5.873125e+06    1.099857e+00
    5.876875e+06    1.108682e+00
    5.878750e+06    1.114096e+00
    5.882500e+06    1.129950e+00
    5.886250e+06    1.153118e+00
    5.889062e+06    1.177645e+00
    5.890937e+06    1.198242e+00
    5.892812e+06    1.223318e+00
    5.893750e+06    1.237276e+00
    5.895625e+06    1.271032e+00
    5.897500e+06    1.312469e+00
    5.899375e+06    1.363357e+00
    5.900782e+06    1.409304e+00
    5.902188e+06    1.462527e+00
    5.903594e+06    1.524928e+00
    5.905000e+06    1.596318e+00
    5.906407e+06    1.678259e+00
    5.907813e+06    1.770618e+00
    5.909453e+06    1.884513e+00
    5.912032e+06    2.066492e+00
    5.912968e+06    2.124088e+00
    5.913437e+06    2.150235e+00
    5.914375e+06    2.192399e+00
    5.915313e+06    2.220292e+00
    5.916250e+06    2.231742e+00
    5.917187e+06    2.225790e+00
    5.918125e+06    2.202883e+00
    5.919062e+06    2.164745e+00
    5.920000e+06    2.114010e+00
    5.921250e+06    2.032524e+00
    5.925000e+06    1.759853e+00
    5.926250e+06    1.675220e+00
    5.927500e+06    1.597655e+00
    5.928750e+06    1.527663e+00
    5.930000e+06    1.465139e+00
    5.931250e+06    1.409609e+00
    5.932500e+06    1.360426e+00
    5.933750e+06    1.316889e+00
    5.935000e+06    1.278306e+00
    5.936875e+06    1.228617e+00
    5.938750e+06    1.186206e+00
    5.940000e+06    1.161740e+00
    5.942500e+06    1.119642e+00
    5.945000e+06    1.084715e+00
    5.947500e+06    1.055205e+00
    5.951250e+06    1.018514e+00
    5.955000e+06    9.872918e-01
    5.960000e+06    9.516203e-01
    5.980391e+06    8.197086e-01
    5.982500e+06    8.100711e-01
    5.983906e+06    8.078964e-01
    5.984961e+06    8.105307e-01
    5.985665e+06    8.153456e-01
    5.986368e+06    8.236106e-01
    5.986719e+06    8.291421e-01
    5.987597e+06    8.494141e-01
    5.988125e+06    8.669982e-01
    5.988653e+06    8.897067e-01
    5.989180e+06    9.185282e-01
    5.989707e+06    9.546200e-01
    5.990058e+06    9.832791e-01
    5.990410e+06    1.015983e+00
    5.990762e+06    1.052988e+00
    5.991113e+06    1.094446e+00
    5.991465e+06    1.140387e+00
    5.991992e+06    1.217186e+00
    5.992344e+06    1.273182e+00
    5.993926e+06    1.538956e+00
    5.994453e+06    1.617161e+00
    5.994805e+06    1.661927e+00
    5.995156e+06    1.699413e+00
    5.995508e+06    1.729115e+00
    5.995859e+06    1.750729e+00
    5.996211e+06    1.764537e+00
    5.996739e+06    1.771758e+00
    5.997266e+06    1.765370e+00
    5.997793e+06    1.748428e+00
    5.998672e+06    1.704821e+00
    5.999751e+06    1.638392e+00
    5.999917e+06    1.620005e+00
    6.000125e+06    1.590333e+00
    6.000250e+06    1.580018e+00
    6.006300e+06    1.358365e+00
    6.010100e+06    1.240904e+00
    6.013800e+06    1.165258e+00
    6.025400e+06    1.055344e+00
    6.037100e+06    1.063678e+00
    6.048700e+06    9.765006e-01
    6.060400e+06    9.507735e-01
    6.063300e+06    9.419561e-01
    6.065988e+06    9.581671e-01
    6.066525e+06    9.672187e-01
    6.067600e+06    9.899029e-01
    6.069000e+06    1.041688e+00
    6.070400e+06    1.119280e+00
    6.071712e+06    1.212147e+00
    6.071900e+06    1.229847e+00
    6.072100e+06    1.257543e+00
    6.072250e+06    1.284062e+00
    6.072400e+06    1.316929e+00
    6.072700e+06    1.396178e+00
    6.073600e+06    1.659751e+00
    6.074200e+06    1.824958e+00
    6.074400e+06    1.871814e+00
    6.074550e+06    1.896295e+00
    6.074750e+06    1.916071e+00
    6.074875e+06    1.919941e+00
    6.075100e+06    1.913383e+00
    6.075325e+06    1.895412e+00
    6.075400e+06    1.885827e+00
    6.076000e+06    1.786592e+00
    6.077150e+06    1.582025e+00
    6.078150e+06    1.385592e+00
    6.079000e+06    1.217573e+00
    6.079300e+06    1.163168e+00
    6.079825e+06    1.076665e+00
    6.080075e+06    1.039687e+00
    6.080300e+06    1.012376e+00
    6.080925e+06    9.510596e-01
    6.081300e+06    9.174521e-01
    6.081650e+06    8.957153e-01
    6.082075e+06    8.740425e-01
    6.082300e+06    8.679906e-01
    6.082380e+06    8.675956e-01
    6.082938e+06    8.751854e-01
    6.083363e+06    8.834830e-01
    6.083575e+06    8.922978e-01
    6.084000e+06    9.143705e-01
    6.088200e+06    1.097839e+00
    6.090000e+06    1.156712e+00
    6.091000e+06    1.184727e+00
    6.093500e+06    1.207098e+00
    6.097750e+06    1.169479e+00
    6.102000e+06    1.125334e+00
    6.108000e+06    1.057461e+00
    6.115000e+06    9.893672e-01
    6.121900e+06    9.506905e-01
    6.140800e+06    9.132083e-01
    6.160000e+06    8.928932e-01
    6.197500e+06    8.693463e-01
    6.201900e+06    8.707742e-01
    6.250000e+06    8.530073e-01
    6.260700e+06    8.469838e-01
    6.275000e+06    8.429948e-01
    6.290500e+06    8.462487e-01
    6.306000e+06    8.577807e-01
    6.320000e+06    8.614482e-01
    6.332600e+06    8.751042e-01
    6.346000e+06    9.042024e-01
    6.359000e+06    9.610624e-01
    6.372200e+06    1.051313e+00
    6.378900e+06    1.130576e+00
    6.382000e+06    1.176241e+00
    6.385700e+06    1.224383e+00
    6.392400e+06    1.300140e+00
    6.399200e+06    1.327419e+00
    6.403600e+06    1.300933e+00
    6.408300e+06    1.238577e+00
    6.412000e+06    1.166279e+00
    6.416700e+06    1.080661e+00
    6.419700e+06    1.025843e+00
    6.426600e+06    8.967026e-01
    6.431100e+06    8.255173e-01
    6.435700e+06    7.803538e-01
    6.442000e+06    7.455512e-01
    6.450500e+06    6.926077e-01
    6.458000e+06    6.634959e-01
    6.465400e+06    6.303394e-01
    6.472000e+06    6.137355e-01
    6.480300e+06    5.887681e-01
    6.490000e+06    5.742976e-01
    6.494550e+06    5.664012e-01
    6.495100e+06    5.660386e-01
    6.500000e+06    5.702739e-01
    6.508100e+06    5.650247e-01
    6.521541e+06    5.766026e-01
    6.547200e+06    6.339304e-01
    6.550000e+06    6.422774e-01
    6.574100e+06    7.245067e-01
    6.599200e+06    8.042916e-01
    6.612000e+06    8.335170e-01
    6.624800e+06    8.509127e-01
    6.637700e+06    8.570612e-01
    6.650500e+06    8.528728e-01
    6.656600e+06    8.704484e-01
    6.662700e+06    9.123601e-01
    6.668800e+06    9.463691e-01
    6.674969e+06    9.397183e-01
    6.682900e+06    9.016873e-01
    6.691100e+06    8.803573e-01
    6.700000e+06    8.713436e-01
    6.707300e+06    8.697107e-01
    6.725000e+06    8.809444e-01
    6.726500e+06    8.808554e-01
    6.740975e+06    8.964752e-01
    6.745800e+06    8.968325e-01
    6.765000e+06    9.254560e-01
    6.784300e+06    9.839100e-01
    6.791700e+06    1.051161e+00
    6.800000e+06    1.173646e+00
    6.806600e+06    1.266601e+00
    6.814000e+06    1.311926e+00
    6.819100e+06    1.286565e+00
    6.824200e+06    1.219753e+00
    6.834300e+06    1.026979e+00
    6.844400e+06    8.243521e-01
    6.849500e+06    7.508884e-01
    6.854600e+06    7.085770e-01
    6.870000e+06    6.566583e-01
    6.873500e+06    6.489187e-01
    6.892400e+06    6.300036e-01
    6.900000e+06    6.295438e-01
    6.911300e+06    6.258609e-01
    6.919864e+06    6.289198e-01
    6.920750e+06    6.327177e-01
    6.935100e+06    7.066880e-01
    6.940000e+06    7.322163e-01
    6.963300e+06    7.383618e-01
    6.979900e+06    7.525078e-01
    6.996400e+06    7.828321e-01
    7.000000e+06    7.868681e-01
    7.005800e+06    7.857206e-01
    7.025000e+06    8.195592e-01
    7.033600e+06    8.444242e-01
    7.047600e+06    8.754342e-01
    7.061500e+06    8.854068e-01
    7.074150e+06    8.746330e-01
    7.086800e+06    8.554582e-01
    7.112200e+06    8.253198e-01
    7.128700e+06    8.132840e-01
    7.145100e+06    8.128718e-01
    7.149225e+06    8.240173e-01
    7.161600e+06    8.437704e-01
    7.169800e+06    8.844424e-01
    7.178100e+06    9.499053e-01
    7.183100e+06    1.052602e+00
    7.188200e+06    1.213584e+00
    7.193300e+06    1.360963e+00
    7.198300e+06    1.422676e+00
    7.200300e+06    1.413206e+00
    7.206300e+06    1.408476e+00
    7.214400e+06    1.346333e+00
    7.222400e+06    1.259627e+00
    7.230400e+06    1.181257e+00
    7.244300e+06    1.108354e+00
    7.250000e+06    1.101267e+00
    7.258300e+06    1.067880e+00
    7.275000e+06    1.033057e+00
    7.286200e+06    9.934225e-01
    7.297100e+06    9.738225e-01
    7.308100e+06    9.924761e-01
    7.319100e+06    1.018703e+00
    7.330100e+06    1.022480e+00
    7.339800e+06    1.001407e+00
    7.349500e+06    9.645988e-01
    7.359200e+06    9.130652e-01
    7.368900e+06    8.377948e-01
    7.373100e+06    8.332391e-01
    7.377350e+06    8.709026e-01
    7.381600e+06    9.157625e-01
    7.385800e+06    9.298745e-01
    7.407150e+06    8.731357e-01
    7.428500e+06    8.202550e-01
    7.450000e+06    7.853911e-01
    7.472500e+06    7.890735e-01
    7.480000e+06    7.945911e-01
    7.513700e+06    8.108929e-01
    7.550000e+06    8.405757e-01
    7.559375e+06    8.376822e-01
    7.575000e+06    8.365925e-01
    7.587500e+06    8.407967e-01
    7.600000e+06    8.513359e-01
    7.620600e+06    8.498496e-01
    7.650000e+06    8.607008e-01
    7.684800e+06    8.977026e-01
    7.750000e+06    9.827448e-01
    7.767500e+06    9.909580e-01
    7.808900e+06    1.001542e+00
    7.820000e+06    9.994665e-01
    7.850300e+06    1.062219e+00
    7.869700e+06    1.055223e+00
    7.889100e+06    9.996649e-01
    7.909300e+06    9.089184e-01
    7.944000e+06    7.549818e-01
    7.960100e+06    6.912698e-01
    7.976100e+06    6.373928e-01
    7.992200e+06    6.090898e-01
    8.000700e+06    6.271673e-01
    8.005800e+06    6.123947e-01
    8.010800e+06    6.037269e-01
    8.015900e+06    6.028930e-01
    8.021187e+06    6.112681e-01
    8.030000e+06    6.339759e-01
    8.050000e+06    6.462767e-01
    8.078400e+06    6.735168e-01
    8.103550e+06    7.155400e-01
    8.107100e+06    7.210315e-01
    8.150000e+06    8.326613e-01
    8.169200e+06    8.747380e-01
    8.202500e+06    9.078670e-01
    8.235900e+06    9.112398e-01
    8.241925e+06    9.061682e-01
    8.260000e+06    8.833924e-01
    8.269300e+06    8.863044e-01
    8.302350e+06    8.736774e-01
    8.304700e+06    8.733920e-01
    8.345100e+06    8.437128e-01
    8.355000e+06    8.335800e-01
    8.360000e+06    8.277788e-01
    8.380000e+06    7.986284e-01
    8.400000e+06    7.921554e-01
    8.450000e+06    7.560946e-01
    8.460000e+06    7.436204e-01
    8.481200e+06    7.340207e-01
    8.516300e+06    7.211525e-01
    8.551300e+06    7.175359e-01
    8.578694e+06    7.375419e-01
    8.600000e+06    7.743981e-01
    8.607100e+06    7.768331e-01
    8.630000e+06    8.000758e-01
    8.634900e+06    8.074455e-01
    8.650000e+06    8.355214e-01
    8.660000e+06    8.517245e-01
    8.680000e+06    8.721667e-01
    8.700000e+06    9.060708e-01
    8.705900e+06    9.137768e-01
    8.727400e+06    9.250893e-01
    8.751850e+06    9.086835e-01
    8.760000e+06    9.055278e-01
    8.780000e+06    8.605627e-01
    8.802100e+06    8.330225e-01
    8.828700e+06    7.805923e-01
    8.860000e+06    6.704946e-01
    8.874800e+06    6.264531e-01
    8.880000e+06    6.205967e-01
    8.894200e+06    6.201666e-01
    8.913600e+06    6.371345e-01
    8.931500e+06    6.552561e-01
    8.950000e+06    6.753393e-01
    8.960000e+06    6.897284e-01
    8.966000e+06    6.890314e-01
    8.982400e+06    6.956957e-01
    8.998900e+06    7.068615e-01
    9.002130e+06    7.298761e-01
    9.013530e+06    7.107422e-01
    9.024930e+06    7.536925e-01
    9.036330e+06    8.121017e-01
    9.047730e+06    8.390346e-01
    9.056595e+06    8.193409e-01
    9.065460e+06    7.773857e-01
    9.074330e+06    7.322766e-01
    9.083200e+06    7.036353e-01
    9.100000e+06    6.752964e-01
    9.150000e+06    6.384013e-01
    9.160000e+06    6.217846e-01
    9.201010e+06    5.856279e-01
    9.210000e+06    5.814621e-01
    9.238125e+06    5.830495e-01
    9.241250e+06    5.839177e-01
    9.260000e+06    5.982733e-01
    9.279550e+06    6.072030e-01
    9.318820e+06    6.467594e-01
    9.360000e+06    7.079129e-01
    9.397360e+06    7.856928e-01
    9.404960e+06    7.898422e-01
    9.409710e+06    7.829367e-01
    9.420160e+06    7.525353e-01
    9.427760e+06    7.409842e-01
    9.450000e+06    7.319810e-01
    9.459430e+06    7.341724e-01
    9.500000e+06    7.335511e-01
    9.525000e+06    7.340561e-01
    9.550000e+06    7.396498e-01
    9.573040e+06    7.314085e-01
    9.611440e+06    7.025798e-01
    9.630440e+06    6.941337e-01
    9.650000e+06    6.926835e-01
    9.676462e+06    7.070507e-01
    9.755850e+06    7.581940e-01
    9.797650e+06    7.794051e-01
    9.830369e+06    7.758169e-01
    9.850000e+06    7.620622e-01
    9.892660e+06    7.269897e-01
    9.924330e+06    7.222103e-01
    9.987165e+06    7.510451e-01
    1.005000e+07    7.846794e-01
    1.006370e+07    7.938551e-01
    1.013330e+07    8.323041e-01
    1.020300e+07    8.527505e-01
    1.025000e+07    8.526050e-01
    1.026000e+07    8.526541e-01
    1.030000e+07    8.373927e-01
    1.031700e+07    8.321183e-01
    1.037400e+07    8.067469e-01
    1.043100e+07    7.880358e-01
    1.054500e+07    7.690558e-01
    1.065900e+07    7.533327e-01
    1.066920e+07    7.535311e-01
    1.067930e+07    7.581223e-01
    1.068940e+07    7.689310e-01
    1.069960e+07    7.877522e-01
    1.070970e+07    7.843162e-01
    1.071990e+07    7.498326e-01
    1.073000e+07    7.180919e-01
    1.074010e+07    7.229988e-01
    1.075000e+07    7.507740e-01
    1.076670e+07    7.950623e-01
    1.079330e+07    8.399154e-01
    1.081990e+07    8.665516e-01
    1.085540e+07    8.913437e-01
    1.086430e+07    8.948167e-01
    1.087310e+07    8.934396e-01
    1.088200e+07    8.847426e-01
    1.090730e+07    8.892095e-01
    1.093270e+07    9.498665e-01
    1.095800e+07    1.024493e+00
    1.098330e+07    1.070860e+00
    1.100000e+07    1.088734e+00
    1.102890e+07    1.113848e+00
    1.107450e+07    1.168080e+00
    1.112010e+07    1.211761e+00
    1.116580e+07    1.219191e+00
    1.120000e+07    1.200617e+00
    1.121770e+07    1.194784e+00
    1.126960e+07    1.170976e+00
    1.132160e+07    1.149541e+00
    1.137350e+07    1.139685e+00
    1.140000e+07    1.148883e+00
    1.142920e+07    1.154896e+00
    1.154070e+07    1.223937e+00
    1.159650e+07    1.230087e+00
    1.166990e+07    1.206097e+00
    1.170670e+07    1.189445e+00
    1.174340e+07    1.166788e+00
    1.175610e+07    1.170051e+00
    1.177800e+07    1.201158e+00
    1.177850e+07    1.195924e+00
    1.180000e+07    1.181658e+00
    1.184350e+07    1.145170e+00
    1.190000e+07    1.103112e+00
    1.194230e+07    1.087436e+00
    1.199170e+07    1.084368e+00
    1.200280e+07    1.053243e+00
    1.204670e+07    1.019704e+00
    1.210000e+07    9.617543e-01
    1.213460e+07    9.260641e-01
    1.218000e+07    9.043018e-01
    1.225000e+07    8.980058e-01
    1.230000e+07    8.855210e-01
    1.241000e+07    8.623367e-01
    1.245000e+07    8.554035e-01
    1.250000e+07    8.517416e-01
    1.258330e+07    8.565997e-01
    1.270000e+07    8.692473e-01
    1.274770e+07    8.934004e-01
    1.284560e+07    9.904898e-01
    1.289460e+07    1.017304e+00
    1.293180e+07    1.012586e+00
    1.300610e+07    9.738743e-01
    1.304330e+07    9.625136e-01
    1.307700e+07    9.662118e-01
    1.314460e+07    9.867969e-01
    1.317840e+07    9.935805e-01
    1.321220e+07    9.920350e-01
    1.327970e+07    9.770381e-01
    1.331350e+07    9.748148e-01
    1.338440e+07    9.748674e-01
    1.352630e+07    9.679779e-01
    1.359730e+07    9.655798e-01
    1.360690e+07    9.658113e-01
    1.364120e+07    9.656953e-01
    1.373300e+07    9.790010e-01
    1.377290e+07    9.792684e-01
    1.384110e+07    9.598778e-01
    1.396040e+07    9.096288e-01
    1.400000e+07    8.978338e-01
    1.402290e+07    8.936599e-01
    1.411920e+07    8.907708e-01
    1.420000e+07    8.930853e-01
    1.431170e+07    9.104850e-01
    1.440800e+07    9.346025e-01
    1.452140e+07    9.736674e-01
    1.460000e+07    1.005111e+00
    1.475000e+07    1.060568e+00
    1.486160e+07    1.098859e+00
    1.500250e+07    1.140243e+00
    1.509710e+07    1.126131e+00
    1.520180e+07    1.067799e+00
    1.528630e+07    1.013878e+00
    1.530810e+07    1.008344e+00
    1.538090e+07    9.744991e-01
    1.546530e+07    9.669025e-01
    1.550000e+07    9.655202e-01
    1.554980e+07    9.669456e-01
    1.563420e+07    9.666217e-01
    1.571870e+07    9.574912e-01
    1.578620e+07    9.433242e-01
    1.585380e+07    9.222465e-01
    1.592130e+07    8.951885e-01
    1.598890e+07    8.629596e-01
    1.601200e+07    8.588341e-01
    1.603730e+07    8.571952e-01
    1.608800e+07    8.513169e-01
    1.611330e+07    8.529847e-01
    1.620000e+07    8.715778e-01
    1.625000e+07    8.779206e-01
    1.631600e+07    8.840455e-01
    1.638360e+07    8.840003e-01
    1.646380e+07    8.682923e-01
    1.647710e+07    8.637818e-01
    1.654400e+07    8.496885e-01
    1.662430e+07    8.354516e-01
    1.670450e+07    8.365260e-01
    1.676570e+07    8.484006e-01
    1.682690e+07    8.639411e-01
    1.688810e+07    8.831774e-01
    1.700000e+07    9.238307e-01
    1.705280e+07    9.386955e-01
    1.715630e+07    9.567004e-01
    1.725970e+07    9.644997e-01
    1.736320e+07    9.630020e-01
    1.760816e+07    9.459103e-01
    1.761650e+07    9.453286e-01
    1.786504e+07    9.272577e-01
    1.786990e+07    9.269041e-01
    1.796700e+07    9.161965e-01
    1.816120e+07    8.851244e-01
    1.825840e+07    8.795652e-01
    1.836600e+07    8.811860e-01
    1.847370e+07    8.849908e-01
    1.858140e+07    8.938385e-01
    1.868910e+07    9.103089e-01
    1.877770e+07    9.280415e-01
    1.886640e+07    9.437417e-01
    1.895510e+07    9.536318e-01
    1.904380e+07    9.546322e-01
    1.920840e+07    9.415303e-01
    1.937310e+07    9.232462e-01
    1.953780e+07    9.072215e-01
    1.970250e+07    9.006779e-01
    1.991780e+07    8.979005e-01
    2.000000e+07    9.012651e-01
    2.000000e+07    8.942700e-01
    2.028216e+07    8.981625e-01
    2.056831e+07    9.021098e-01
    2.085849e+07    9.061129e-01
    2.115277e+07    9.101724e-01
    2.145119e+07    9.142892e-01
    2.175383e+07    9.184641e-01
    2.200000e+07    9.218600e-01
    2.231038e+07    9.246969e-01
    2.262514e+07    9.275738e-01
    2.294434e+07    9.304913e-01
    2.326804e+07    9.334499e-01
    2.359631e+07    9.364503e-01
    2.392921e+07    9.394930e-01
    2.400000e+07    9.401400e-01
    2.433860e+07    9.418431e-01
    2.468197e+07    9.435703e-01
    2.503019e+07    9.453219e-01
    2.538332e+07    9.470981e-01
    2.574143e+07    9.488994e-01
    2.600000e+07    9.502000e-01
    2.636681e+07    9.507502e-01
    2.673880e+07    9.513082e-01
    2.711604e+07    9.518741e-01
    2.749860e+07    9.524479e-01
    2.788655e+07    9.530298e-01
    2.800000e+07    9.532000e-01
    2.839503e+07    9.525443e-01
    2.879563e+07    9.518792e-01
    2.920189e+07    9.512049e-01
    2.961387e+07    9.505210e-01
    3.000000e+07    9.498800e-01
    3.042325e+07    9.480579e-01
    3.085246e+07    9.462101e-01
    3.128774e+07    9.443363e-01
    3.172915e+07    9.424360e-01
    3.200000e+07    9.412700e-01
    3.245146e+07    9.383220e-01
    3.290929e+07    9.353323e-01
    3.337359e+07    9.323005e-01
    3.384443e+07    9.292259e-01
    3.400000e+07    9.282100e-01
    3.447968e+07    9.241519e-01
    3.496612e+07    9.200366e-01
    3.545943e+07    9.158632e-01
    3.595970e+07    9.116309e-01
    3.600000e+07    9.112900e-01
    3.650790e+07    9.018406e-01
    3.702296e+07    8.922579e-01
    3.754528e+07    8.825400e-01
    3.800000e+07    8.740800e-01
    3.853611e+07    8.701959e-01
    3.907979e+07    8.662569e-01
    3.963113e+07    8.622624e-01
    4.000000e+07    8.595900e-01
    4.056433e+07    8.541668e-01
    4.113662e+07    8.486671e-01
    4.171698e+07    8.430898e-01
    4.200000e+07    8.403700e-01
    4.259254e+07    8.333750e-01
    4.319345e+07    8.262813e-01
    4.380283e+07    8.190876e-01
    4.400000e+07    8.167600e-01
    4.462076e+07    8.083518e-01
    4.525028e+07    7.998250e-01
    4.588868e+07    7.911778e-01
    4.600000e+07    7.896700e-01
    4.664898e+07    7.803182e-01
    4.730711e+07    7.708345e-01
    4.797453e+07    7.612170e-01
    4.800000e+07    7.608500e-01
    4.867719e+07    7.529472e-01
    4.936394e+07    7.449328e-01
    5.000000e+07    7.375100e-01
    5.070541e+07    7.313616e-01
    5.142077e+07    7.251266e-01
    5.214623e+07    7.188035e-01
    5.288192e+07    7.123912e-01
    5.362798e+07    7.058885e-01
    5.438458e+07    6.992940e-01
    5.500000e+07    6.939300e-01
    5.577595e+07    6.839326e-01
    5.656285e+07    6.737943e-01
    5.736085e+07    6.635128e-01
    5.817011e+07    6.530863e-01
    5.899078e+07    6.425127e-01
    5.982304e+07    6.317900e-01
    6.000000e+07    6.295100e-01
    6.084649e+07    6.203747e-01
    6.170493e+07    6.111104e-01
    6.257547e+07    6.017155e-01
    6.345830e+07    5.921880e-01
    6.435358e+07    5.825261e-01
    6.500000e+07    5.755500e-01
    6.591703e+07    5.680267e-01
    6.684700e+07    5.603972e-01
    6.779009e+07    5.526601e-01
    6.874649e+07    5.448138e-01
    6.971638e+07    5.368568e-01
    7.000000e+07    5.345300e-01
    7.098757e+07    5.271025e-01
    7.198908e+07    5.195701e-01
    7.300472e+07    5.119315e-01
    7.403468e+07    5.041852e-01
    7.507918e+07    4.963295e-01
    7.613841e+07    4.883630e-01
    7.721259e+07    4.802841e-01
    7.830192e+07    4.720913e-01
    7.940662e+07    4.637828e-01
    8.000000e+07    4.593200e-01
    8.112866e+07    4.514284e-01
    8.227324e+07    4.434255e-01
    8.343396e+07    4.353097e-01
    8.461107e+07    4.270794e-01
    8.580478e+07    4.187330e-01
    8.701533e+07    4.102688e-01
    8.824296e+07    4.016853e-01
    8.948791e+07    3.929806e-01
    9.000000e+07    3.894000e-01
    9.126974e+07    3.809804e-01
    9.255739e+07    3.724419e-01
    9.386321e+07    3.637831e-01
    9.518745e+07    3.550020e-01
    9.653037e+07    3.460971e-01
    9.789224e+07    3.370665e-01
    9.927333e+07    3.279086e-01
    1.000000e+08    3.230900e-01
    1.014108e+08    3.172139e-01
    1.028415e+08    3.112550e-01
    1.042925e+08    3.052119e-01
    1.057638e+08    2.990836e-01
    1.072560e+08    2.928689e-01
    1.087692e+08    2.865665e-01
    1.100000e+08    2.814400e-01
    1.115519e+08    2.760192e-01
    1.131257e+08    2.705219e-01
    1.147217e+08    2.649471e-01
    1.163402e+08    2.592936e-01
    1.179816e+08    2.535604e-01
    1.196461e+08    2.477463e-01
    1.200000e+08    2.465100e-01
    1.216930e+08    2.412008e-01
    1.234099e+08    2.358167e-01
    1.251509e+08    2.303566e-01
    1.269166e+08    2.248195e-01
    1.287072e+08    2.192043e-01
    1.300000e+08    2.151500e-01
    1.318341e+08    2.092351e-01
    1.336940e+08    2.032368e-01
    1.355802e+08    1.971539e-01
    1.374930e+08    1.909851e-01
    1.394328e+08    1.847293e-01
    1.400000e+08    1.829000e-01
    1.419751e+08    1.820250e-01
    1.439782e+08    1.811377e-01
    1.460094e+08    1.802378e-01
    1.480694e+08    1.793253e-01
    1.500000e+08    1.784700e-01
    1.500000e+08    1.859900e-01
    1.521162e+08    1.827448e-01
    1.542623e+08    1.794537e-01
    1.560000e+08    1.767890e-01
    1.582009e+08    1.738138e-01
    1.604328e+08    1.707966e-01
    1.620000e+08    1.686780e-01
    1.642855e+08    1.659506e-01
    1.666033e+08    1.631847e-01
    1.680000e+08    1.615180e-01
    1.703702e+08    1.590186e-01
    1.727738e+08    1.564840e-01
    1.740000e+08    1.551910e-01
    1.764548e+08    1.529458e-01
    1.789443e+08    1.506688e-01
    1.814689e+08    1.483598e-01
    1.820000e+08    1.478740e-01
    1.845677e+08    1.458763e-01
    1.871716e+08    1.438505e-01
    1.898123e+08    1.417961e-01
    1.900000e+08    1.416500e-01
    1.926806e+08    1.398735e-01
    1.953989e+08    1.380719e-01
    1.980000e+08    1.363480e-01
    2.000000e+08    1.351490e-01
