    energy(eV)      sigma_t(b)
    1.000000e-05    5.586627e+01
    1.103037e-05    5.320418e+01
    1.216691e-05    5.067004e+01
    1.342055e-05    4.825774e+01
    1.480336e-05    4.596149e+01
    1.632865e-05    4.377576e+01
    1.801111e-05    4.169530e+01
    1.986691e-05    3.971511e+01
    2.191394e-05    3.783042e+01
    2.417189e-05    3.603670e+01
    2.666248e-05    3.432963e+01
    2.940971e-05    3.270512e+01
    3.243999e-05    3.115924e+01
    3.578251e-05    2.968829e+01
    3.946943e-05    2.828872e+01
    4.353624e-05    2.695718e+01
    4.802208e-05    2.569044e+01
    5.297013e-05    2.448547e+01
    5.842801e-05    2.333937e+01
    6.444825e-05    2.224937e+01
    7.108881e-05    2.121286e+01
    7.841358e-05    2.022733e+01
    8.649308e-05    1.929042e+01
    9.540506e-05    1.839986e+01
    1.052353e-04    1.755351e+01
    1.160784e-04    1.674933e+01
    1.289420e-04    1.593211e+01
    1.432240e-04    1.515918e+01
    1.590958e-04    1.442766e+01
    1.767178e-04    1.373622e+01
    1.963013e-04    1.308226e+01
    2.180443e-04    1.246460e+01
    2.422075e-04    1.188091e+01
    2.690352e-04    1.133012e+01
    2.988492e-04    1.081015e+01
    3.319507e-04    1.032003e+01
    3.687368e-04    9.857906e+00
    4.095793e-04    9.422889e+00
    4.549680e-04    9.013323e+00
    5.053618e-04    8.628403e+00
    5.613650e-04    8.266640e+00
    6.235436e-04    7.927299e+00
    6.974952e-04    7.588629e+00
    7.802173e-04    7.272937e+00
    8.727501e-04    6.979094e+00
    9.762572e-04    6.706023e+00
    1.092040e-03    6.452689e+00
    1.230172e-03    6.203986e+00
    1.385708e-03    5.975386e+00
    1.560985e-03    5.765588e+00
    1.770751e-03    5.562885e+00
    2.008705e-03    5.378895e+00
    2.294596e-03    5.203663e+00
    2.621306e-03    5.046443e+00
    3.015509e-03    4.898989e+00
    3.493293e-03    4.762364e+00
    4.075325e-03    4.637275e+00
    4.787870e-03    4.524142e+00
    5.664399e-03    4.423060e+00
    6.795943e-03    4.330477e+00
    8.268559e-03    4.247492e+00
    1.027367e-02    4.172403e+00
    1.312839e-02    4.104734e+00
    1.725221e-02    4.046186e+00
    2.364568e-02    3.995595e+00
    2.524188e-02    3.986975e+00
    2.530000e-02    3.986681e+00
    3.719198e-02    3.946245e+00
    5.988462e-02    3.914085e+00
    1.124886e-01    3.889504e+00
    2.835776e-01    3.872621e+00
    1.680263e+00    3.863392e+00
    1.021563e+05    3.642575e+00
    1.632600e+05    3.531078e+00
    1.992820e+05    3.476060e+00
    2.361962e+05    3.438284e+00
    2.623438e+05    3.425971e+00
    2.865363e+05    3.444627e+00
    2.995777e+05    3.469530e+00
    3.097289e+05    3.501492e+00
    3.182800e+05    3.535064e+00
    3.287500e+05    3.598089e+00
    3.368600e+05    3.668517e+00
    3.425800e+05    3.730328e+00
    3.497200e+05    3.830349e+00
    3.554400e+05    3.929767e+00
    3.597300e+05    4.023031e+00
    3.640100e+05    4.132884e+00
    3.685938e+05    4.272680e+00
    3.725900e+05    4.422639e+00
    3.754500e+05    4.545394e+00
    3.785547e+05    4.698755e+00
    3.818750e+05    4.890748e+00
    3.854500e+05    5.136187e+00
    3.885156e+05    5.383570e+00
    3.911700e+05    5.634342e+00
    3.934961e+05    5.881620e+00
    3.961650e+05    6.211191e+00
    3.984766e+05    6.533246e+00
    4.001367e+05    6.793425e+00
    4.017969e+05    7.078799e+00
    4.034570e+05    7.391870e+00
    4.054600e+05    7.812665e+00
    4.068900e+05    8.138957e+00
    4.084375e+05    8.522355e+00
    4.100977e+05    8.971152e+00
    4.117578e+05    9.459184e+00
    4.134180e+05    9.987412e+00
    4.161750e+05    1.095655e+01
    4.183984e+05    1.179931e+01
    4.250391e+05    1.446789e+01
    4.269000e+05    1.513920e+01
    4.283594e+05    1.560835e+01
    4.300195e+05    1.604318e+01
    4.311800e+05    1.627143e+01
    4.326100e+05    1.646723e+01
    4.341699e+05    1.655610e+01
    4.360352e+05    1.648465e+01
    4.370703e+05    1.636501e+01
    4.383300e+05    1.614452e+01
    4.397600e+05    1.581338e+01
    4.412109e+05    1.540583e+01
    4.432812e+05    1.471677e+01
    4.515625e+05    1.160177e+01
    4.540500e+05    1.074469e+01
    4.557031e+05    1.020967e+01
    4.577734e+05    9.594728e+00
    4.598438e+05    9.034969e+00
    4.619141e+05    8.528192e+00
    4.640600e+05    8.055839e+00
    4.660547e+05    7.659043e+00
    4.683400e+05    7.253626e+00
    4.701953e+05    6.954620e+00
    4.726300e+05    6.606165e+00
    4.743359e+05    6.382752e+00
    4.776983e+05    5.999082e+00
    4.798433e+05    5.785848e+00
    4.826400e+05    5.530036e+00
    4.854900e+05    5.306390e+00
    4.888281e+05    5.074227e+00
    4.926400e+05    4.848097e+00
    4.971094e+05    4.621982e+00
    5.012500e+05    4.444572e+00
    5.053906e+05    4.291718e+00
    5.095313e+05    4.159025e+00
    5.136719e+05    4.043027e+00
    5.198828e+05    3.895713e+00
    5.260937e+05    3.770080e+00
    5.343750e+05    3.633112e+00
    5.426563e+05    3.521078e+00
    5.509375e+05    3.427807e+00
    5.592187e+05    3.348918e+00
    5.715032e+05    3.252815e+00
    5.840625e+05    3.170833e+00
    6.006250e+05    3.084013e+00
    6.215412e+05    2.997910e+00
    6.426911e+05    2.927439e+00
    6.668750e+05    2.861274e+00
    7.049379e+05    2.783668e+00
    7.375000e+05    2.736587e+00
    7.615847e+05    2.716060e+00
    7.750000e+05    2.709078e+00
    7.937500e+05    2.709358e+00
    8.171875e+05    2.729804e+00
    8.312500e+05    2.755688e+00
    8.406250e+05    2.781681e+00
    8.500000e+05    2.816133e+00
    8.593750e+05    2.861118e+00
    8.687500e+05    2.919360e+00
    8.781250e+05    2.994447e+00
    8.851562e+05    3.065439e+00
    8.921875e+05    3.149616e+00
    8.992188e+05    3.253741e+00
    9.039062e+05    3.334494e+00
    9.085938e+05    3.426467e+00
    9.132812e+05    3.531300e+00
    9.156250e+05    3.587223e+00
    9.203125e+05    3.714667e+00
    9.250000e+05    3.860080e+00
    9.296875e+05    4.025931e+00
    9.343750e+05    4.214868e+00
    9.390625e+05    4.429608e+00
    9.437500e+05    4.672733e+00
    9.484375e+05    4.946369e+00
    9.531250e+05    5.251673e+00
    9.578125e+05    5.588105e+00
    9.625000e+05    5.952501e+00
    9.765625e+05    7.119371e+00
    9.824219e+05    7.556494e+00
    9.859375e+05    7.778927e+00
    9.894531e+05    7.952441e+00
    9.917969e+05    8.040787e+00
    9.941407e+05    8.103844e+00
    9.964843e+05    8.140446e+00
    9.976562e+05    8.151770e+00
    1.000703e+06    8.136986e+00
    1.003750e+06    8.087731e+00
    1.007500e+06    7.966679e+00
    1.011250e+06    7.794060e+00
    1.015000e+06    7.581060e+00
    1.018750e+06    7.339259e+00
    1.033750e+06    6.284070e+00
    1.039375e+06    5.904125e+00
    1.045000e+06    5.554756e+00
    1.050625e+06    5.241074e+00
    1.056250e+06    4.956473e+00
    1.061875e+06    4.705909e+00
    1.067500e+06    4.480578e+00
    1.073125e+06    4.283196e+00
    1.078750e+06    4.105811e+00
    1.082500e+06    3.999417e+00
    1.090000e+06    3.809798e+00
    1.097500e+06    3.646748e+00
    1.105000e+06    3.505864e+00
    1.112500e+06    3.383503e+00
    1.120000e+06    3.276701e+00
    1.128281e+06    3.173968e+00
    1.136562e+06    3.084683e+00
    1.144844e+06    3.006809e+00
    1.157266e+06    2.909002e+00
    1.169687e+06    2.827547e+00
    1.182109e+06    2.763908e+00
    1.194531e+06    2.713779e+00
    1.206953e+06    2.681366e+00
    1.215234e+06    2.669488e+00
    1.219375e+06    2.665857e+00
    1.227656e+06    2.669862e+00
    1.235937e+06    2.688788e+00
    1.242149e+06    2.716994e+00
    1.248359e+06    2.759010e+00
    1.252500e+06    2.798777e+00
    1.256641e+06    2.850109e+00
    1.260781e+06    2.916024e+00
    1.264922e+06    3.000484e+00
    1.268027e+06    3.079966e+00
    1.271133e+06    3.174140e+00
    1.273203e+06    3.248226e+00
    1.275273e+06    3.332342e+00
    1.277344e+06    3.427891e+00
    1.279414e+06    3.536443e+00
    1.281484e+06    3.659730e+00
    1.283555e+06    3.799616e+00
    1.285625e+06    3.958015e+00
    1.287695e+06    4.136776e+00
    1.289766e+06    4.337465e+00
    1.291836e+06    4.561019e+00
    1.293906e+06    4.807285e+00
    1.295977e+06    5.074421e+00
    1.302188e+06    5.938806e+00
    1.304258e+06    6.209146e+00
    1.306328e+06    6.442816e+00
    1.307881e+06    6.580916e+00
    1.309434e+06    6.683992e+00
    1.310986e+06    6.739814e+00
    1.312539e+06    6.753548e+00
    1.314092e+06    6.717167e+00
    1.315645e+06    6.641355e+00
    1.316680e+06    6.567783e+00
    1.318750e+06    6.377863e+00
    1.320820e+06    6.145493e+00
    1.324961e+06    5.620584e+00
    1.329102e+06    5.096652e+00
    1.331172e+06    4.854810e+00
    1.333242e+06    4.630592e+00
    1.335313e+06    4.425007e+00
    1.337383e+06    4.237919e+00
    1.339453e+06    4.068479e+00
    1.341523e+06    3.915451e+00
    1.343594e+06    3.777422e+00
    1.345664e+06    3.652950e+00
    1.347734e+06    3.540630e+00
    1.350840e+06    3.393116e+00
    1.353945e+06    3.264041e+00
    1.356016e+06    3.188402e+00
    1.360156e+06    3.056563e+00
    1.364297e+06    2.946078e+00
    1.368437e+06    2.852606e+00
    1.372578e+06    2.772755e+00
    1.376719e+06    2.703904e+00
    1.382930e+06    2.617692e+00
    1.385000e+06    2.591480e+00
    1.393281e+06    2.503652e+00
    1.401563e+06    2.433029e+00
    1.409844e+06    2.374816e+00
    1.422265e+06    2.304698e+00
    1.434688e+06    2.246906e+00
    1.451250e+06    2.185143e+00
    1.467812e+06    2.134393e+00
    1.484375e+06    2.091146e+00
    1.517500e+06    2.019263e+00
    1.550625e+06    1.959796e+00
    1.592031e+06    1.897825e+00
    1.616875e+06    1.870415e+00
    1.625156e+06    1.868777e+00
    1.629297e+06    1.872858e+00
    1.633438e+06    1.884818e+00
    1.635508e+06    1.896654e+00
    1.638095e+06    1.922789e+00
    1.639648e+06    1.948496e+00
    1.640684e+06    1.973449e+00
    1.641978e+06    2.018422e+00
    1.642754e+06    2.056233e+00
    1.643271e+06    2.088415e+00
    1.643789e+06    2.127912e+00
    1.644307e+06    2.177006e+00
    1.644954e+06    2.256473e+00
    1.645342e+06    2.317648e+00
    1.645730e+06    2.392711e+00
    1.646118e+06    2.485217e+00
    1.646377e+06    2.559627e+00
    1.646636e+06    2.646701e+00
    1.646895e+06    2.749346e+00
    1.647153e+06    2.870241e+00
    1.647347e+06    2.976207e+00
    1.647542e+06    3.098503e+00
    1.647736e+06    3.239147e+00
    1.647930e+06    3.402404e+00
    1.648124e+06    3.591589e+00
    1.648253e+06    3.735019e+00
    1.648383e+06    3.894022e+00
    1.648512e+06    4.070442e+00
    1.648642e+06    4.266372e+00
    1.648770e+06    4.483413e+00
    1.648900e+06    4.724151e+00
    1.649029e+06    4.990102e+00
    1.649159e+06    5.282751e+00
    1.649289e+06    5.603034e+00
    1.649418e+06    5.949815e+00
    1.649612e+06    6.516571e+00
    1.650046e+06    7.856547e+00
    1.650186e+06    8.242237e+00
    1.650278e+06    8.463228e+00
    1.650371e+06    8.649442e+00
    1.650464e+06    8.791037e+00
    1.650557e+06    8.882436e+00
    1.650649e+06    8.919358e+00
    1.650742e+06    8.900756e+00
    1.650835e+06    8.826986e+00
    1.650928e+06    8.701452e+00
    1.651021e+06    8.529218e+00
    1.651160e+06    8.201617e+00
    1.651299e+06    7.809953e+00
    1.651763e+06    6.385206e+00
    1.651901e+06    5.981395e+00
    1.652041e+06    5.606660e+00
    1.652181e+06    5.263523e+00
    1.652319e+06    4.953153e+00
    1.652458e+06    4.671875e+00
    1.652598e+06    4.419445e+00
    1.652736e+06    4.194421e+00
    1.652876e+06    3.992478e+00
    1.652969e+06    3.870553e+00
    1.653154e+06    3.652200e+00
    1.653340e+06    3.461983e+00
    1.653525e+06    3.297782e+00
    1.653711e+06    3.154605e+00
    1.653896e+06    3.030143e+00
    1.654082e+06    2.920873e+00
    1.654268e+06    2.824837e+00
    1.654546e+06    2.701627e+00
    1.654824e+06    2.598519e+00
    1.655103e+06    2.511591e+00
    1.655381e+06    2.439253e+00
    1.655566e+06    2.395076e+00
    1.655937e+06    2.320410e+00
    1.656309e+06    2.258623e+00
    1.656680e+06    2.207014e+00
    1.657236e+06    2.144446e+00
    1.657793e+06    2.094520e+00
    1.658164e+06    2.067106e+00
    1.658906e+06    2.022215e+00
    1.659648e+06    1.987245e+00
    1.660762e+06    1.948140e+00
    1.661875e+06    1.918798e+00
    1.663359e+06    1.890607e+00
    1.664844e+06    1.870071e+00
    1.667813e+06    1.842244e+00
    1.672265e+06    1.817520e+00
    1.679688e+06    1.792630e+00
    1.691562e+06    1.768585e+00
    1.768750e+06    1.652774e+00
    1.792500e+06    1.608335e+00
    1.816250e+06    1.549018e+00
    1.819590e+06    1.550517e+00
    1.820703e+06    1.554721e+00
    1.822559e+06    1.572292e+00
    1.823672e+06    1.592355e+00
    1.824414e+06    1.612682e+00
    1.825156e+06    1.640814e+00
    1.825898e+06    1.679643e+00
    1.826456e+06    1.718675e+00
    1.827012e+06    1.768616e+00
    1.827383e+06    1.809966e+00
    1.827754e+06    1.859152e+00
    1.828125e+06    1.917769e+00
    1.828496e+06    1.987737e+00
    1.828960e+06    2.094041e+00
    1.829238e+06    2.170418e+00
    1.829517e+06    2.257842e+00
    1.829795e+06    2.357507e+00
    1.830073e+06    2.470761e+00
    1.830352e+06    2.599185e+00
    1.830630e+06    2.743677e+00
    1.830908e+06    2.905019e+00
    1.831094e+06    3.022803e+00
    1.831465e+06    3.278608e+00
    1.832022e+06    3.699787e+00
    1.832671e+06    4.197588e+00
    1.832949e+06    4.384358e+00
    1.833228e+06    4.540763e+00
    1.833413e+06    4.623791e+00
    1.833599e+06    4.687619e+00
    1.833784e+06    4.731195e+00
    1.833969e+06    4.754206e+00
    1.834062e+06    4.758204e+00
    1.834341e+06    4.741285e+00
    1.834619e+06    4.686098e+00
    1.834805e+06    4.630689e+00
    1.835176e+06    4.489233e+00
    1.835547e+06    4.321442e+00
    1.836475e+06    3.873234e+00
    1.837031e+06    3.623777e+00
    1.837402e+06    3.473477e+00
    1.837773e+06    3.336639e+00
    1.838145e+06    3.212830e+00
    1.838516e+06    3.101410e+00
    1.839072e+06    2.955444e+00
    1.839629e+06    2.830323e+00
    1.840000e+06    2.757624e+00
    1.840547e+06    2.663207e+00
    1.841094e+06    2.581639e+00
    1.841641e+06    2.510934e+00
    1.842461e+06    2.421951e+00
    1.843281e+06    2.347887e+00
    1.844102e+06    2.287006e+00
    1.845469e+06    2.205750e+00
    1.846562e+06    2.154867e+00
    1.847656e+06    2.113318e+00
    1.849297e+06    2.064679e+00
    1.850937e+06    2.026870e+00
    1.853125e+06    1.990309e+00
    1.855313e+06    1.964778e+00
    1.857500e+06    1.947625e+00
    1.860781e+06    1.934796e+00
    1.861875e+06    1.932546e+00
    1.865156e+06    1.935896e+00
    1.868437e+06    1.949618e+00
    1.871719e+06    1.977009e+00
    1.873906e+06    2.002766e+00
    1.876094e+06    2.035876e+00
    1.877188e+06    2.054529e+00
    1.879375e+06    2.100754e+00
    1.881563e+06    2.157664e+00
    1.883750e+06    2.226936e+00
    1.885938e+06    2.310242e+00
    1.888125e+06    2.408867e+00
    1.890312e+06    2.523081e+00
    1.892500e+06    2.651127e+00
    1.896875e+06    2.923969e+00
    1.899063e+06    3.045313e+00
    1.900156e+06    3.095340e+00
    1.901250e+06    3.135480e+00
    1.902344e+06    3.164175e+00
    1.903438e+06    3.180285e+00
    1.904531e+06    3.183289e+00
    1.905625e+06    3.173332e+00
    1.906719e+06    3.151191e+00
    1.908359e+06    3.097294e+00
    1.910000e+06    3.026331e+00
    1.912974e+06    2.868733e+00
    1.917647e+06    2.613062e+00
    1.920195e+06    2.487177e+00
    1.922744e+06    2.377596e+00
    1.925293e+06    2.281523e+00
    1.927842e+06    2.200316e+00
    1.930391e+06    2.129848e+00
    1.933789e+06    2.051925e+00
    1.937187e+06    1.988037e+00
    1.940586e+06    1.935174e+00
    1.943984e+06    1.890958e+00
    1.949082e+06    1.837510e+00
    1.950781e+06    1.821575e+00
    1.957578e+06    1.769768e+00
    1.964375e+06    1.729508e+00
    1.971172e+06    1.697128e+00
    1.977969e+06    1.670291e+00
    1.991562e+06    1.627558e+00
    2.005156e+06    1.593940e+00
    2.018750e+06    1.565736e+00
    2.045937e+06    1.518128e+00
    2.127500e+06    1.391366e+00
    2.154688e+06    1.342507e+00
    2.175078e+06    1.298957e+00
    2.188672e+06    1.265437e+00
    2.195469e+06    1.247547e+00
    2.209062e+06    1.205891e+00
    2.222656e+06    1.156421e+00
    2.232851e+06    1.112305e+00
    2.239649e+06    1.079202e+00
    2.246445e+06    1.042446e+00
    2.249844e+06    1.023072e+00
    2.256641e+06    9.799299e-01
    2.263437e+06    9.317865e-01
    2.270234e+06    8.780772e-01
    2.277031e+06    8.183056e-01
    2.282129e+06    7.690857e-01
    2.287227e+06    7.165659e-01
    2.292324e+06    6.601107e-01
    2.297422e+06    6.006935e-01
    2.305918e+06    4.956622e-01
    2.317813e+06    3.454774e-01
    2.322061e+06    2.946084e-01
    2.324609e+06    2.655963e-01
    2.326309e+06    2.471496e-01
    2.328008e+06    2.294982e-01
    2.329707e+06    2.127349e-01
    2.331406e+06    1.969524e-01
    2.333105e+06    1.822404e-01
    2.334805e+06    1.686841e-01
    2.336504e+06    1.563584e-01
    2.337778e+06    1.479968e-01
    2.339053e+06    1.403505e-01
    2.340327e+06    1.335553e-01
    2.341602e+06    1.275133e-01
    2.342876e+06    1.223678e-01
    2.344150e+06    1.180090e-01
    2.345000e+06    1.156060e-01
    2.346211e+06    1.128483e-01
    2.347422e+06    1.108773e-01
    2.348633e+06    1.096992e-01
    2.349844e+06    1.093132e-01
    2.351055e+06    1.097156e-01
    2.352266e+06    1.108997e-01
    2.353477e+06    1.127367e-01
    2.354158e+06    1.119624e-01
    2.354536e+06    1.109719e-01
    2.354763e+06    1.100411e-01
    2.354915e+06    1.090840e-01
    2.355066e+06    1.075738e-01
    2.355180e+06    1.056165e-01
    2.355265e+06    1.041052e-01
    2.355304e+06    1.038679e-01
    2.355350e+06    1.041969e-01
    2.355406e+06    1.053270e-01
    2.355520e+06    1.081504e-01
    2.355596e+06    1.096130e-01
    2.355747e+06    1.118098e-01
    2.355898e+06    1.135488e-01
    2.356201e+06    1.164073e-01
    2.356504e+06    1.188409e-01
    2.357109e+06    1.230327e-01
    2.358320e+06    1.281016e-01
    2.359531e+06    1.336755e-01
    2.360742e+06    1.399056e-01
    2.361953e+06    1.467669e-01
    2.363164e+06    1.542313e-01
    2.364375e+06    1.622694e-01
    2.366192e+06    1.753825e-01
    2.368008e+06    1.895149e-01
    2.369825e+06    2.048332e-01
    2.371641e+06    2.207889e-01
    2.374062e+06    2.434252e-01
    2.376484e+06    2.671977e-01
    2.380117e+06    3.046206e-01
    2.387383e+06    3.818613e-01
    2.394649e+06    4.593359e-01
    2.398281e+06    4.971014e-01
    2.403125e+06    5.453869e-01
    2.407969e+06    5.911109e-01
    2.412813e+06    6.339965e-01
    2.417656e+06    6.739196e-01
    2.422570e+06    7.113642e-01
    2.427344e+06    7.449215e-01
    2.432187e+06    7.761908e-01
    2.437031e+06    8.048344e-01
    2.441875e+06    8.310179e-01
    2.449699e+06    8.683468e-01
    2.461003e+06    9.131389e-01
    2.470938e+06    9.463253e-01
    2.480625e+06    9.725355e-01
    2.490312e+06    9.942998e-01
    2.503418e+06    1.017404e+00
    2.518555e+06    1.038507e+00
    2.534180e+06    1.054636e+00
    2.549805e+06    1.066472e+00
    2.565430e+06    1.074856e+00
    2.593750e+06    1.084725e+00
    2.625000e+06    1.089234e+00
    2.706458e+06    1.087864e+00
    2.750000e+06    1.085224e+00
    2.818359e+06    1.086010e+00
    2.843750e+06    1.089109e+00
    2.880859e+06    1.099650e+00
    2.914062e+06    1.115763e+00
    2.932617e+06    1.129603e+00
    2.953125e+06    1.147982e+00
    2.968750e+06    1.166475e+00
    2.984375e+06    1.189013e+00
    3.000000e+06    1.216359e+00
    3.015625e+06    1.249421e+00
    3.031250e+06    1.289260e+00
    3.046875e+06    1.337108e+00
    3.062500e+06    1.394357e+00
    3.074218e+06    1.444755e+00
    3.083985e+06    1.492413e+00
    3.089844e+06    1.522310e+00
    3.101562e+06    1.588962e+00
    3.113282e+06    1.664861e+00
    3.125000e+06    1.748650e+00
    3.136718e+06    1.842473e+00
    3.140625e+06    1.875131e+00
    3.156250e+06    2.017365e+00
    3.171875e+06    2.173455e+00
    3.209926e+06    2.583779e+00
    3.210075e+06    2.590561e+00
    3.210285e+06    2.618911e+00
    3.210293e+06    2.619066e+00
    3.210388e+06    2.610777e+00
    3.210541e+06    2.593148e+00
    3.210556e+06    2.592492e+00
    3.234375e+06    2.830709e+00
    3.246094e+06    2.932862e+00
    3.259375e+06    3.033238e+00
    3.268750e+06    3.091467e+00
    3.278125e+06    3.139306e+00
    3.287500e+06    3.176897e+00
    3.301563e+06    3.214281e+00
    3.315625e+06    3.234809e+00
    3.325000e+06    3.239159e+00
    3.343750e+06    3.232430e+00
    3.381250e+06    3.186504e+00
    3.400000e+06    3.160507e+00
    3.450000e+06    3.115534e+00
    3.475000e+06    3.108544e+00
    3.540291e+06    3.131771e+00
    3.600000e+06    3.160815e+00
    3.639844e+06    3.148916e+00
    3.653125e+06    3.139217e+00
    3.687490e+06    3.097340e+00
    3.687844e+06    3.104194e+00
    3.687915e+06    3.115202e+00
    3.687985e+06    3.142909e+00
    3.688114e+06    3.221663e+00
    3.688160e+06    3.231837e+00
    3.688213e+06    3.218709e+00
    3.688349e+06    3.135361e+00
    3.688414e+06    3.112101e+00
    3.688521e+06    3.100001e+00
    3.692969e+06    3.088334e+00
    3.711563e+06    3.064780e+00
    3.716875e+06    3.060435e+00
    3.724844e+06    3.064230e+00
    3.730156e+06    3.076084e+00
    3.732813e+06    3.084762e+00
    3.738125e+06    3.120239e+00
    3.740781e+06    3.149420e+00
    3.743438e+06    3.190591e+00
    3.746094e+06    3.248986e+00
    3.748086e+06    3.309881e+00
    3.750078e+06    3.389163e+00
    3.751406e+06    3.457398e+00
    3.752734e+06    3.541148e+00
    3.754062e+06    3.644518e+00
    3.755391e+06    3.772459e+00
    3.756387e+06    3.888947e+00
    3.757383e+06    4.025228e+00
    3.758379e+06    4.186558e+00
    3.759375e+06    4.373119e+00
    3.760371e+06    4.589262e+00
    3.761367e+06    4.834770e+00
    3.762695e+06    5.182736e+00
    3.764023e+06    5.531097e+00
    3.764687e+06    5.683163e+00
    3.765352e+06    5.806786e+00
    3.766182e+06    5.907358e+00
    3.766763e+06    5.933031e+00
    3.766846e+06    5.933430e+00
    3.767344e+06    5.919513e+00
    3.767842e+06    5.876932e+00
    3.768672e+06    5.748481e+00
    3.769336e+06    5.605523e+00
    3.770000e+06    5.437012e+00
    3.772246e+06    4.810618e+00
    3.773144e+06    4.575918e+00
    3.773594e+06    4.464583e+00
    3.774492e+06    4.263034e+00
    3.775391e+06    4.085231e+00
    3.776289e+06    3.929996e+00
    3.777188e+06    3.795084e+00
    3.778086e+06    3.678096e+00
    3.778984e+06    3.576572e+00
    3.780332e+06    3.449255e+00
    3.781680e+06    3.343831e+00
    3.782578e+06    3.284695e+00
    3.784375e+06    3.185980e+00
    3.786172e+06    3.107432e+00
    3.787969e+06    3.043901e+00
    3.790664e+06    2.969544e+00
    3.793359e+06    2.913083e+00
    3.795156e+06    2.878682e+00
    3.798750e+06    2.825791e+00
    3.804141e+06    2.765809e+00
    3.813125e+06    2.691228e+00
    3.823906e+06    2.624686e+00
    3.841875e+06    2.535060e+00
    3.863437e+06    2.447130e+00
    3.885000e+06    2.371188e+00
    3.906562e+06    2.308735e+00
    3.920937e+06    2.274343e+00
    3.964062e+06    2.189613e+00
    3.978437e+06    2.163266e+00
    3.989219e+06    2.131458e+00
    3.992813e+06    2.118615e+00
    4.000000e+06    2.082761e+00
    4.006250e+06    2.039340e+00
    4.010937e+06    1.996349e+00
    4.015625e+06    1.944028e+00
    4.020313e+06    1.879273e+00
    4.025000e+06    1.804480e+00
    4.040625e+06    1.514286e+00
    4.043750e+06    1.461728e+00
    4.046875e+06    1.415031e+00
    4.050000e+06    1.375096e+00
    4.053125e+06    1.342240e+00
    4.056250e+06    1.316223e+00
    4.059375e+06    1.296322e+00
    4.062500e+06    1.281790e+00
    4.067188e+06    1.267771e+00
    4.075000e+06    1.255691e+00
    4.090625e+06    1.240148e+00
    4.102188e+06    1.220430e+00
    4.113281e+06    1.201546e+00
    4.115937e+06    1.198284e+00
    4.121914e+06    1.199805e+00
    4.125235e+06    1.207509e+00
    4.127891e+06    1.218591e+00
    4.129219e+06    1.225492e+00
    4.131875e+06    1.245216e+00
    4.134531e+06    1.272216e+00
    4.137188e+06    1.307636e+00
    4.139844e+06    1.352498e+00
    4.142500e+06    1.407536e+00
    4.145156e+06    1.473011e+00
    4.147812e+06    1.548505e+00
    4.150469e+06    1.632693e+00
    4.155781e+06    1.817723e+00
    4.159765e+06    1.957013e+00
    4.162422e+06    2.043248e+00
    4.163750e+06    2.084254e+00
    4.166406e+06    2.155964e+00
    4.169062e+06    2.215080e+00
    4.171719e+06    2.260685e+00
    4.174375e+06    2.292822e+00
    4.177031e+06    2.312289e+00
    4.179688e+06    2.320379e+00
    4.182344e+06    2.318534e+00
    4.185000e+06    2.308680e+00
    4.189063e+06    2.281019e+00
    4.193125e+06    2.242599e+00
    4.197188e+06    2.197149e+00
    4.229687e+06    1.781563e+00
    4.237812e+06    1.683440e+00
    4.241875e+06    1.636035e+00
    4.250000e+06    1.548120e+00
    4.257812e+06    1.474682e+00
    4.262500e+06    1.438690e+00
    4.265625e+06    1.420419e+00
    4.268750e+06    1.408177e+00
    4.271875e+06    1.403910e+00
    4.274219e+06    1.407441e+00
    4.276562e+06    1.417513e+00
    4.278906e+06    1.436674e+00
    4.281250e+06    1.464833e+00
    4.282813e+06    1.490288e+00
    4.284375e+06    1.521295e+00
    4.285938e+06    1.558288e+00
    4.287500e+06    1.601633e+00
    4.289062e+06    1.651752e+00
    4.290625e+06    1.708643e+00
    4.292187e+06    1.772263e+00
    4.293750e+06    1.842403e+00
    4.296093e+06    1.959462e+00
    4.298438e+06    2.088296e+00
    4.303125e+06    2.358823e+00
    4.306250e+06    2.541145e+00
    4.309375e+06    2.707054e+00
    4.311718e+06    2.814807e+00
    4.314063e+06    2.906682e+00
    4.316407e+06    2.977815e+00
    4.318750e+06    3.030823e+00
    4.321093e+06    3.062993e+00
    4.323437e+06    3.078805e+00
    4.325000e+06    3.080168e+00
    4.327344e+06    3.070583e+00
    4.330860e+06    3.035160e+00
    4.334375e+06    2.983706e+00
    4.347265e+06    2.737886e+00
    4.353125e+06    2.623844e+00
    4.360156e+06    2.501561e+00
    4.367188e+06    2.392093e+00
    4.374219e+06    2.297369e+00
    4.381250e+06    2.213379e+00
    4.390625e+06    2.117944e+00
    4.400000e+06    2.037548e+00
    4.409375e+06    1.970529e+00
    4.418750e+06    1.913901e+00
    4.425000e+06    1.883011e+00
    4.431250e+06    1.857937e+00
    4.437500e+06    1.840104e+00
    4.443750e+06    1.832406e+00
    4.450000e+06    1.840816e+00
    4.456250e+06    1.859455e+00
    4.457617e+06    1.857915e+00
    4.459375e+06    1.841130e+00
    4.460156e+06    1.823519e+00
    4.460938e+06    1.796757e+00
    4.461719e+06    1.758862e+00
    4.462500e+06    1.709221e+00
    4.463281e+06    1.648620e+00
    4.465234e+06    1.479392e+00
    4.466211e+06    1.407765e+00
    4.466797e+06    1.374278e+00
    4.467383e+06    1.348426e+00
    4.467968e+06    1.330632e+00
    4.468555e+06    1.317101e+00
    4.469531e+06    1.306992e+00
    4.470313e+06    1.305736e+00
    4.472656e+06    1.318922e+00
    4.476562e+06    1.352647e+00
    4.481250e+06    1.379076e+00
    4.484375e+06    1.388467e+00
    4.490625e+06    1.394521e+00
    4.499062e+06    1.386084e+00
    4.515000e+06    1.359115e+00
    4.517812e+06    1.365191e+00
    4.518750e+06    1.370124e+00
    4.519687e+06    1.380051e+00
    4.520625e+06    1.396459e+00
    4.521328e+06    1.415650e+00
    4.522031e+06    1.442807e+00
    4.522500e+06    1.467971e+00
    4.522969e+06    1.500999e+00
    4.523438e+06    1.544020e+00
    4.523789e+06    1.585047e+00
    4.524141e+06    1.636226e+00
    4.524492e+06    1.699602e+00
    4.524726e+06    1.750124e+00
    4.524961e+06    1.808351e+00
    4.525195e+06    1.875270e+00
    4.525430e+06    1.951846e+00
    4.525664e+06    2.038744e+00
    4.525899e+06    2.136404e+00
    4.526133e+06    2.244451e+00
    4.526602e+06    2.482910e+00
    4.526953e+06    2.665541e+00
    4.527188e+06    2.782822e+00
    4.527422e+06    2.882543e+00
    4.527598e+06    2.941450e+00
    4.527773e+06    2.983776e+00
    4.527950e+06    3.008528e+00
    4.528125e+06    3.015097e+00
    4.528300e+06    3.003965e+00
    4.528477e+06    2.976726e+00
    4.528711e+06    2.921292e+00
    4.528945e+06    2.848893e+00
    4.529532e+06    2.633853e+00
    4.530000e+06    2.459510e+00
    4.530312e+06    2.353433e+00
    4.530625e+06    2.257840e+00
    4.530938e+06    2.172739e+00
    4.531250e+06    2.097652e+00
    4.531562e+06    2.031575e+00
    4.532032e+06    1.947088e+00
    4.532500e+06    1.877244e+00
    4.532969e+06    1.819196e+00
    4.533750e+06    1.742752e+00
    4.534375e+06    1.694595e+00
    4.535000e+06    1.655250e+00
    4.535938e+06    1.608599e+00
    4.536875e+06    1.573374e+00
    4.537500e+06    1.552211e+00
    4.538750e+06    1.519570e+00
    4.540000e+06    1.494111e+00
    4.541875e+06    1.465083e+00
    4.545000e+06    1.430373e+00
    4.548750e+06    1.402085e+00
    4.553125e+06    1.378842e+00
    4.556250e+06    1.363725e+00
    4.562500e+06    1.341250e+00
    4.575000e+06    1.309900e+00
    4.581836e+06    1.303575e+00
    4.585156e+06    1.307010e+00
    4.588281e+06    1.317028e+00
    4.590625e+06    1.333610e+00
    4.594141e+06    1.364252e+00
    4.595313e+06    1.368087e+00
    4.596680e+06    1.363585e+00
    4.598047e+06    1.351194e+00
    4.602344e+06    1.298320e+00
    4.604687e+06    1.277121e+00
    4.607031e+06    1.262388e+00
    4.610938e+06    1.248146e+00
    4.613281e+06    1.244543e+00
    4.614844e+06    1.248283e+00
    4.615234e+06    1.253271e+00
    4.615625e+06    1.265013e+00
    4.615820e+06    1.277861e+00
    4.615918e+06    1.288928e+00
    4.616016e+06    1.306094e+00
    4.616089e+06    1.325856e+00
    4.616137e+06    1.344884e+00
    4.616187e+06    1.371658e+00
    4.616223e+06    1.399387e+00
    4.616260e+06    1.436786e+00
    4.616284e+06    1.468995e+00
    4.616309e+06    1.508688e+00
    4.616333e+06    1.556398e+00
    4.616357e+06    1.614477e+00
    4.616376e+06    1.668077e+00
    4.616394e+06    1.727845e+00
    4.616412e+06    1.795529e+00
    4.616431e+06    1.873487e+00
    4.616455e+06    1.985389e+00
    4.616479e+06    2.112128e+00
    4.616522e+06    2.351669e+00
    4.616562e+06    2.577160e+00
    4.616583e+06    2.684493e+00
    4.616602e+06    2.769489e+00
    4.616620e+06    2.836039e+00
    4.616638e+06    2.886300e+00
    4.616656e+06    2.918207e+00
    4.616675e+06    2.930506e+00
    4.616693e+06    2.921389e+00
    4.616705e+06    2.904244e+00
    4.616724e+06    2.859909e+00
    4.616742e+06    2.800172e+00
    4.616763e+06    2.711975e+00
    4.616788e+06    2.587178e+00
    4.616833e+06    2.334331e+00
    4.616870e+06    2.126434e+00
    4.616894e+06    1.999152e+00
    4.616919e+06    1.884263e+00
    4.616943e+06    1.785380e+00
    4.616962e+06    1.717798e+00
    4.616980e+06    1.659932e+00
    4.617005e+06    1.593692e+00
    4.617029e+06    1.539173e+00
    4.617053e+06    1.495499e+00
    4.617078e+06    1.459187e+00
    4.617102e+06    1.429417e+00
    4.617139e+06    1.395120e+00
    4.617176e+06    1.369531e+00
    4.617212e+06    1.350301e+00
    4.617260e+06    1.330993e+00
    4.617334e+06    1.310687e+00
    4.617432e+06    1.293370e+00
    4.617578e+06    1.278026e+00
    4.617773e+06    1.266952e+00
    4.617969e+06    1.260853e+00
    4.618555e+06    1.253731e+00
    4.618750e+06    1.253095e+00
    4.620312e+06    1.256928e+00
    4.621875e+06    1.270534e+00
    4.623437e+06    1.295801e+00
    4.624219e+06    1.315187e+00
    4.625000e+06    1.341527e+00
    4.625781e+06    1.377422e+00
    4.626563e+06    1.426426e+00
    4.627148e+06    1.475030e+00
    4.627539e+06    1.514665e+00
    4.627930e+06    1.560881e+00
    4.628320e+06    1.614262e+00
    4.628711e+06    1.674937e+00
    4.629199e+06    1.760505e+00
    4.630078e+06    1.919806e+00
    4.630469e+06    1.980109e+00
    4.630762e+06    2.013968e+00
    4.631055e+06    2.034895e+00
    4.631348e+06    2.042888e+00
    4.631641e+06    2.033543e+00
    4.631934e+06    2.009626e+00
    4.632226e+06    1.974856e+00
    4.632617e+06    1.915707e+00
    4.633594e+06    1.746613e+00
    4.634180e+06    1.653897e+00
    4.634570e+06    1.598828e+00
    4.634961e+06    1.550595e+00
    4.635352e+06    1.508918e+00
    4.635937e+06    1.455407e+00
    4.636719e+06    1.399772e+00
    4.637500e+06    1.357301e+00
    4.638281e+06    1.324442e+00
    4.639062e+06    1.298701e+00
    4.640625e+06    1.261172e+00
    4.642188e+06    1.235355e+00
    4.643750e+06    1.216671e+00
    4.646875e+06    1.191042e+00
    4.651172e+06    1.168646e+00
    4.657031e+06    1.147409e+00
    4.668750e+06    1.116803e+00
    4.687500e+06    1.077858e+00
    4.725000e+06    1.010468e+00
    4.743750e+06    9.825741e-01
    4.753125e+06    9.722099e-01
    4.762793e+06    9.665592e-01
    4.769531e+06    9.679556e-01
    4.774218e+06    9.725933e-01
    4.776562e+06    9.758986e-01
    4.782422e+06    9.915361e-01
    4.785938e+06    1.005951e+00
    4.789453e+06    1.026153e+00
    4.792969e+06    1.052403e+00
    4.795312e+06    1.074620e+00
    4.797656e+06    1.101105e+00
    4.800000e+06    1.132484e+00
    4.802500e+06    1.172082e+00
    4.805000e+06    1.218765e+00
    4.807500e+06    1.273225e+00
    4.810000e+06    1.335923e+00
    4.812500e+06    1.406908e+00
    4.815000e+06    1.485583e+00
    4.818750e+06    1.614708e+00
    4.823750e+06    1.789590e+00
    4.825000e+06    1.831404e+00
    4.827500e+06    1.905806e+00
    4.830000e+06    1.966284e+00
    4.831875e+06    2.000018e+00
    4.833750e+06    2.023806e+00
    4.835625e+06    2.036295e+00
    4.837500e+06    2.039206e+00
    4.839609e+06    2.030158e+00
    4.841719e+06    2.012445e+00
    4.843438e+06    1.991415e+00
    4.846875e+06    1.937302e+00
    4.860625e+06    1.676455e+00
    4.865781e+06    1.589309e+00
    4.870938e+06    1.511612e+00
    4.876094e+06    1.444856e+00
    4.881250e+06    1.386063e+00
    4.886406e+06    1.335543e+00
    4.891563e+06    1.291870e+00
    4.895000e+06    1.264089e+00
    4.901875e+06    1.216753e+00
    4.908750e+06    1.176051e+00
    4.915625e+06    1.140690e+00
    4.922500e+06    1.109724e+00
    4.932812e+06    1.070460e+00
    4.943125e+06    1.037484e+00
    4.950000e+06    1.019353e+00
    4.960938e+06    9.965544e-01
    4.969140e+06    9.851192e-01
    4.977344e+06    9.786006e-01
    4.982812e+06    9.780295e-01
    4.988281e+06    9.808196e-01
    4.993750e+06    9.874655e-01
    4.999219e+06    9.985461e-01
    5.004688e+06    1.014521e+00
    5.010156e+06    1.036033e+00
    5.015625e+06    1.063494e+00
    5.021094e+06    1.097167e+00
    5.026562e+06    1.137046e+00
    5.032031e+06    1.182762e+00
    5.037500e+06    1.233564e+00
    5.051856e+06    1.382209e+00
    5.075781e+06    1.638864e+00
    5.082617e+06    1.721641e+00
    5.086719e+06    1.779339e+00
    5.089453e+06    1.823750e+00
    5.092187e+06    1.874455e+00
    5.094922e+06    1.933327e+00
    5.097656e+06    2.002679e+00
    5.100391e+06    2.085257e+00
    5.102441e+06    2.158320e+00
    5.104492e+06    2.241552e+00
    5.106543e+06    2.338329e+00
    5.108594e+06    2.448066e+00
    5.110645e+06    2.573974e+00
    5.112695e+06    2.713714e+00
    5.117481e+06    3.077991e+00
    5.119531e+06    3.236134e+00
    5.120898e+06    3.328618e+00
    5.122266e+06    3.405862e+00
    5.123633e+06    3.462585e+00
    5.125000e+06    3.494245e+00
    5.126172e+06    3.498996e+00
    5.127344e+06    3.482207e+00
    5.128516e+06    3.444537e+00
    5.129688e+06    3.387780e+00
    5.130859e+06    3.314710e+00
    5.132031e+06    3.228559e+00
    5.134375e+06    3.032028e+00
    5.137890e+06    2.724228e+00
    5.139062e+06    2.624553e+00
    5.141406e+06    2.442557e+00
    5.143164e+06    2.320963e+00
    5.144922e+06    2.211259e+00
    5.146680e+06    2.114500e+00
    5.148438e+06    2.028036e+00
    5.150195e+06    1.952244e+00
    5.151953e+06    1.886167e+00
    5.153125e+06    1.844207e+00
    5.155469e+06    1.772169e+00
    5.157813e+06    1.710468e+00
    5.160156e+06    1.657311e+00
    5.162500e+06    1.611215e+00
    5.166015e+06    1.553187e+00
    5.169531e+06    1.504305e+00
    5.171875e+06    1.476460e+00
    5.176563e+06    1.428982e+00
    5.181250e+06    1.389976e+00
    5.190625e+06    1.330806e+00
    5.200000e+06    1.284509e+00
    5.210938e+06    1.242286e+00
    5.224609e+06    1.200943e+00
    5.238281e+06    1.167037e+00
    5.257422e+06    1.128454e+00
    5.265625e+06    1.112863e+00
    5.297070e+06    1.063683e+00
    5.297819e+06    1.066496e+00
    5.297913e+06    1.071342e+00
    5.297975e+06    1.080077e+00
    5.298038e+06    1.096191e+00
    5.298174e+06    1.147164e+00
    5.298222e+06    1.157363e+00
    5.298246e+06    1.158737e+00
    5.298290e+06    1.154125e+00
    5.298336e+06    1.140987e+00
    5.298458e+06    1.094736e+00
    5.298512e+06    1.080936e+00
    5.298578e+06    1.071438e+00
    5.298643e+06    1.067286e+00
    5.298905e+06    1.063855e+00
    5.310742e+06    1.043392e+00
    5.314160e+06    1.040968e+00
    5.317236e+06    1.044416e+00
    5.321167e+06    1.053119e+00
    5.322021e+06    1.053824e+00
    5.326764e+06    1.046880e+00
    5.334668e+06    1.031794e+00
    5.351758e+06    1.009792e+00
    5.359277e+06    1.004202e+00
    5.361841e+06    1.005378e+00
    5.364404e+06    1.011532e+00
    5.365771e+06    1.020710e+00
    5.366797e+06    1.034087e+00
    5.367480e+06    1.049478e+00
    5.367993e+06    1.066896e+00
    5.368421e+06    1.086820e+00
    5.368677e+06    1.102696e+00
    5.369019e+06    1.129777e+00
    5.369274e+06    1.156725e+00
    5.369531e+06    1.191501e+00
    5.369702e+06    1.220416e+00
    5.369873e+06    1.255309e+00
    5.370044e+06    1.297739e+00
    5.370172e+06    1.335642e+00
    5.370300e+06    1.379853e+00
    5.370429e+06    1.432425e+00
    5.370557e+06    1.494888e+00
    5.370685e+06    1.569024e+00
    5.370771e+06    1.626406e+00
    5.370856e+06    1.690624e+00
    5.370941e+06    1.763264e+00
    5.371027e+06    1.844822e+00
    5.371112e+06    1.936093e+00
    5.371198e+06    2.037683e+00
    5.371283e+06    2.149810e+00
    5.371368e+06    2.272072e+00
    5.371497e+06    2.471591e+00
    5.371710e+06    2.813752e+00
    5.371796e+06    2.937776e+00
    5.371881e+06    3.042638e+00
    5.371945e+06    3.104226e+00
    5.372009e+06    3.147001e+00
    5.372074e+06    3.170311e+00
    5.372116e+06    3.174071e+00
    5.372180e+06    3.162410e+00
    5.372244e+06    3.130587e+00
    5.372309e+06    3.081188e+00
    5.372394e+06    2.992479e+00
    5.372479e+06    2.884908e+00
    5.372778e+06    2.463568e+00
    5.372907e+06    2.297642e+00
    5.372992e+06    2.198685e+00
    5.373078e+06    2.109522e+00
    5.373163e+06    2.029992e+00
    5.373248e+06    1.959581e+00
    5.373333e+06    1.897938e+00
    5.373462e+06    1.818880e+00
    5.373590e+06    1.754624e+00
    5.373718e+06    1.702119e+00
    5.373846e+06    1.658623e+00
    5.373975e+06    1.621982e+00
    5.374146e+06    1.581532e+00
    5.374402e+06    1.531527e+00
    5.375002e+06    1.431423e+00
    5.375453e+06    1.362255e+00
    5.375841e+06    1.309403e+00
    5.376035e+06    1.285590e+00
    5.376553e+06    1.231922e+00
    5.377070e+06    1.190414e+00
    5.377588e+06    1.158619e+00
    5.378235e+06    1.129126e+00
    5.379141e+06    1.099178e+00
    5.380176e+06    1.076170e+00
    5.381470e+06    1.057280e+00
    5.383540e+06    1.037784e+00
    5.385869e+06    1.024482e+00
    5.388975e+06    1.013599e+00
    5.392598e+06    1.005003e+00
    5.401914e+06    9.919965e-01
    5.418477e+06    9.807285e-01
    5.424688e+06    9.774637e-01
    5.441250e+06    9.744055e-01
    5.459883e+06    9.782267e-01
    5.474375e+06    9.875036e-01
    5.486797e+06    1.002093e+00
    5.495078e+06    1.015607e+00
    5.499219e+06    1.023282e+00
    5.507500e+06    1.042828e+00
    5.515781e+06    1.067420e+00
    5.524063e+06    1.097977e+00
    5.532344e+06    1.135512e+00
    5.540625e+06    1.181070e+00
    5.548906e+06    1.235607e+00
    5.557187e+06    1.299782e+00
    5.565469e+06    1.373642e+00
    5.573750e+06    1.456217e+00
    5.594453e+06    1.679503e+00
    5.600664e+06    1.743052e+00
    5.606875e+06    1.799460e+00
    5.613086e+06    1.845285e+00
    5.619297e+06    1.880560e+00
    5.623437e+06    1.896565e+00
    5.629649e+06    1.908987e+00
    5.631719e+06    1.911119e+00
    5.637109e+06    1.907763e+00
    5.642500e+06    1.897377e+00
    5.650000e+06    1.872348e+00
    5.666875e+06    1.794371e+00
    5.674375e+06    1.777529e+00
    5.676875e+06    1.773381e+00
    5.679375e+06    1.758424e+00
    5.688125e+06    1.668617e+00
    5.695000e+06    1.612766e+00
    5.702500e+06    1.561421e+00
    5.716250e+06    1.481896e+00
    5.725000e+06    1.437513e+00
    5.735000e+06    1.391697e+00
    5.745000e+06    1.350621e+00
    5.760000e+06    1.296348e+00
    5.775000e+06    1.250927e+00
    5.790000e+06    1.211596e+00
    5.800000e+06    1.188985e+00
    5.815000e+06    1.159819e+00
    5.830000e+06    1.136571e+00
    5.845000e+06    1.120728e+00
    5.855547e+06    1.116776e+00
    5.855928e+06    1.116775e+00
    5.861875e+06    1.118514e+00
    5.867500e+06    1.123563e+00
    5.873125e+06    1.135357e+00
    5.876875e+06    1.147809e+00
    5.881094e+06    1.168462e+00
    5.882500e+06    1.176614e+00
    5.886250e+06    1.206988e+00
    5.888125e+06    1.226844e+00
    5.890000e+06    1.250805e+00
    5.891875e+06    1.279774e+00
    5.893750e+06    1.314938e+00
    5.895625e+06    1.357804e+00
    5.897500e+06    1.410261e+00
    5.899375e+06    1.474521e+00
    5.900782e+06    1.532435e+00
    5.902188e+06    1.599439e+00
    5.903594e+06    1.677911e+00
    5.905000e+06    1.767616e+00
    5.906407e+06    1.870509e+00
    5.906875e+06    1.907171e+00
    5.908750e+06    2.066393e+00
    5.911563e+06    2.318741e+00
    5.912500e+06    2.395897e+00
    5.913437e+06    2.463094e+00
    5.914375e+06    2.516235e+00
    5.915313e+06    2.551566e+00
    5.916250e+06    2.566372e+00
    5.917187e+06    2.559451e+00
    5.918125e+06    2.531357e+00
    5.919062e+06    2.484238e+00
    5.920000e+06    2.421382e+00
    5.921250e+06    2.320274e+00
    5.925000e+06    1.981619e+00
    5.926250e+06    1.876522e+00
    5.927500e+06    1.780247e+00
    5.928750e+06    1.693424e+00
    5.930000e+06    1.615928e+00
    5.931250e+06    1.547169e+00
    5.932500e+06    1.486341e+00
    5.933750e+06    1.432570e+00
    5.935000e+06    1.384993e+00
    5.936250e+06    1.342871e+00
    5.938125e+06    1.288552e+00
    5.940000e+06    1.242002e+00
    5.942500e+06    1.190722e+00
    5.945000e+06    1.148507e+00
    5.947500e+06    1.113127e+00
    5.950000e+06    1.082932e+00
    5.953750e+06    1.044883e+00
    5.957500e+06    1.012710e+00
    5.961406e+06    9.824371e-01
    5.980391e+06    8.517501e-01
    5.982500e+06    8.418290e-01
    5.983906e+06    8.395302e-01
    5.984961e+06    8.420734e-01
    5.985665e+06    8.468279e-01
    5.986368e+06    8.550329e-01
    5.986719e+06    8.605314e-01
    5.987597e+06    8.806833e-01
    5.988125e+06    8.981882e-01
    5.988653e+06    9.207771e-01
    5.989180e+06    9.494368e-01
    5.989707e+06    9.853186e-01
    5.990058e+06    1.013802e+00
    5.990410e+06    1.046293e+00
    5.990762e+06    1.083047e+00
    5.991289e+06    1.146437e+00
    5.991817e+06    1.219647e+00
    5.992344e+06    1.301521e+00
    5.993926e+06    1.564662e+00
    5.994453e+06    1.641910e+00
    5.994805e+06    1.686066e+00
    5.995156e+06    1.722960e+00
    5.995508e+06    1.752122e+00
    5.995859e+06    1.773255e+00
    5.996211e+06    1.786642e+00
    5.996739e+06    1.793351e+00
    5.997266e+06    1.786585e+00
    5.997793e+06    1.769386e+00
    5.998672e+06    1.725568e+00
    5.999751e+06    1.658840e+00
    5.999917e+06    1.638622e+00
    6.000125e+06    1.604825e+00
    6.000250e+06    1.593366e+00
    6.006300e+06    1.371636e+00
    6.010100e+06    1.254787e+00
    6.013800e+06    1.179712e+00
    6.025400e+06    1.071274e+00
    6.037100e+06    1.081034e+00
    6.048700e+06    9.958532e-01
    6.063300e+06    9.689685e-01
    6.065988e+06    9.893289e-01
    6.066525e+06    9.995912e-01
    6.067600e+06    1.024995e+00
    6.069000e+06    1.081699e+00
    6.070400e+06    1.165603e+00
    6.071712e+06    1.267337e+00
    6.071900e+06    1.286456e+00
    6.072100e+06    1.315925e+00
    6.072300e+06    1.354575e+00
    6.072500e+06    1.404345e+00
    6.072700e+06    1.460665e+00
    6.073800e+06    1.794838e+00
    6.074300e+06    1.937433e+00
    6.074400e+06    1.960905e+00
    6.074600e+06    1.995360e+00
    6.074800e+06    2.015308e+00
    6.074956e+06    2.019288e+00
    6.075191e+06    2.013615e+00
    6.075425e+06    1.993840e+00
    6.077300e+06    1.727548e+00
    6.079300e+06    1.414119e+00
    6.080050e+06    1.308534e+00
    6.080300e+06    1.275161e+00
    6.081050e+06    1.189910e+00
    6.081300e+06    1.164136e+00
    6.081800e+06    1.125951e+00
    6.082175e+06    1.099760e+00
    6.082300e+06    1.092998e+00
    6.082575e+06    1.084974e+00
    6.083125e+06    1.074754e+00
    6.083400e+06    1.071754e+00
    6.084650e+06    1.094290e+00
    6.085900e+06    1.119170e+00
    6.088400e+06    1.191473e+00
    6.091000e+06    1.252334e+00
    6.093500e+06    1.264296e+00
    6.104375e+06    1.140596e+00
    6.108000e+06    1.097904e+00
    6.115000e+06    1.028832e+00
    6.121900e+06    9.904218e-01
    6.140800e+06    9.561660e-01
    6.160000e+06    9.406216e-01
    6.197500e+06    9.248927e-01
    6.201900e+06    9.268325e-01
    6.250350e+06    9.080339e-01
    6.260700e+06    9.033948e-01
    6.290100e+06    8.978563e-01
    6.316662e+06    9.096824e-01
    6.321975e+06    9.138309e-01
    6.332600e+06    9.282228e-01
    6.346000e+06    9.679887e-01
    6.359000e+06    1.039201e+00
    6.372200e+06    1.157834e+00
    6.378900e+06    1.256788e+00
    6.386000e+06    1.384658e+00
    6.392400e+06    1.489867e+00
    6.399200e+06    1.550684e+00
    6.403750e+06    1.543157e+00
    6.408300e+06    1.494207e+00
    6.417400e+06    1.318307e+00
    6.426600e+06    1.109764e+00
    6.431100e+06    1.020532e+00
    6.435700e+06    9.555414e-01
    6.450500e+06    8.210416e-01
    6.465400e+06    7.324275e-01
    6.480300e+06    6.817282e-01
    6.495100e+06    6.610217e-01
    6.508100e+06    6.655453e-01
    6.521100e+06    6.902891e-01
    6.547200e+06    7.798454e-01
    6.573200e+06    8.885491e-01
    6.599200e+06    9.753836e-01
    6.612000e+06    9.996859e-01
    6.624800e+06    1.011678e+00
    6.637700e+06    1.012374e+00
    6.650500e+06    1.002904e+00
    6.656600e+06    1.019347e+00
    6.662700e+06    1.060138e+00
    6.668800e+06    1.093026e+00
    6.674969e+06    1.085240e+00
    6.682900e+06    1.045748e+00
    6.691100e+06    1.022905e+00
    6.700000e+06    1.012249e+00
    6.707300e+06    1.009554e+00
    6.726550e+06    1.019137e+00
    6.745800e+06    1.053680e+00
    6.765000e+06    1.115580e+00
    6.784300e+06    1.206850e+00
    6.791700e+06    1.285515e+00
    6.800000e+06    1.417409e+00
    6.806600e+06    1.516523e+00
    6.814000e+06    1.568734e+00
    6.819100e+06    1.548116e+00
    6.824200e+06    1.485964e+00
    6.834300e+06    1.289247e+00
    6.844400e+06    1.081449e+00
    6.849500e+06    1.005421e+00
    6.854600e+06    9.651310e-01
    6.873500e+06    9.110043e-01
    6.892400e+06    8.800290e-01
    6.911300e+06    8.670098e-01
    6.930200e+06    8.669309e-01
    6.955025e+06    8.726160e-01
    6.963300e+06    8.753423e-01
    6.979900e+06    8.900587e-01
    6.996400e+06    9.209467e-01
    7.005800e+06    9.320634e-01
    7.033600e+06    1.019952e+00
    7.047600e+06    1.052905e+00
    7.061500e+06    1.063209e+00
    7.075750e+06    1.051165e+00
    7.090000e+06    1.034948e+00
    7.099500e+06    1.027070e+00
    7.114100e+06    1.032589e+00
    7.128700e+06    1.044387e+00
    7.145100e+06    1.069149e+00
    7.161600e+06    1.139664e+00
    7.169800e+06    1.203011e+00
    7.178100e+06    1.291414e+00
    7.183100e+06    1.407923e+00
    7.188200e+06    1.582990e+00
    7.193300e+06    1.744449e+00
    7.198300e+06    1.819961e+00
    7.206350e+06    1.793445e+00
    7.214400e+06    1.710275e+00
    7.222400e+06    1.602447e+00
    7.230400e+06    1.502962e+00
    7.244300e+06    1.393384e+00
    7.258300e+06    1.340032e+00
    7.286200e+06    1.289303e+00
    7.297100e+06    1.288590e+00
    7.308100e+06    1.321940e+00
    7.319100e+06    1.361282e+00
    7.330100e+06    1.378154e+00
    7.340050e+06    1.368023e+00
    7.350000e+06    1.340939e+00
    7.359200e+06    1.297946e+00
    7.368900e+06    1.228619e+00
    7.373100e+06    1.226634e+00
    7.377350e+06    1.266895e+00
    7.381600e+06    1.314351e+00
    7.385800e+06    1.331027e+00
    7.428450e+06    1.239148e+00
    7.471100e+06    1.183240e+00
    7.513700e+06    1.153426e+00
    7.556400e+06    1.139325e+00
    7.588500e+06    1.142137e+00
    7.620600e+06    1.162731e+00
    7.652700e+06    1.197522e+00
    7.684800e+06    1.242920e+00
    7.767500e+06    1.379781e+00
    7.808900e+06    1.440071e+00
    7.850300e+06    1.481582e+00
    7.869700e+06    1.465535e+00
    7.889100e+06    1.400985e+00
    7.910000e+06    1.295041e+00
    7.944000e+06    1.091631e+00
    7.960100e+06    1.002865e+00
    7.976100e+06    9.308832e-01
    7.992200e+06    8.844240e-01
    8.000700e+06    8.927951e-01
    8.005800e+06    8.713784e-01
    8.010800e+06    8.561907e-01
    8.015900e+06    8.487110e-01
    8.020163e+06    8.497268e-01
    8.050000e+06    8.875389e-01
    8.078400e+06    9.352854e-01
    8.107100e+06    1.004665e+00
    8.169200e+06    1.220912e+00
    8.202500e+06    1.296134e+00
    8.235900e+06    1.338248e+00
    8.269300e+06    1.355051e+00
    8.304750e+06    1.346834e+00
    8.340200e+06    1.316984e+00
    8.380000e+06    1.273858e+00
    8.516300e+06    1.142606e+00
    8.551300e+06    1.119847e+00
    8.579200e+06    1.124462e+00
    8.607100e+06    1.157443e+00
    8.634900e+06    1.209523e+00
    8.662800e+06    1.271711e+00
    8.705900e+06    1.375539e+00
    8.727400e+06    1.409098e+00
    8.748900e+06    1.411353e+00
    8.801269e+06    1.380688e+00
    8.828700e+06    1.338775e+00
    8.874800e+06    1.181426e+00
    8.894200e+06    1.150771e+00
    8.913600e+06    1.140216e+00
    8.933000e+06    1.133925e+00
    8.949500e+06    1.134599e+00
    8.966000e+06    1.148133e+00
    8.982400e+06    1.170908e+00
    8.998900e+06    1.198269e+00
    9.002130e+06    1.224660e+00
    9.013530e+06    1.217831e+00
    9.024930e+06    1.273584e+00
    9.036330e+06    1.345444e+00
    9.047730e+06    1.385797e+00
    9.056595e+06    1.373391e+00
    9.065460e+06    1.336088e+00
    9.074330e+06    1.294659e+00
    9.083200e+06    1.269686e+00
    9.122470e+06    1.219646e+00
    9.161740e+06    1.165067e+00
    9.201010e+06    1.119630e+00
    9.240280e+06    1.097084e+00
    9.279550e+06    1.104031e+00
    9.318820e+06    1.133989e+00
    9.360000e+06    1.183919e+00
    9.397716e+06    1.239433e+00
    9.404485e+06    1.239336e+00
    9.420160e+06    1.206635e+00
    9.427760e+06    1.200708e+00
    9.463389e+06    1.212371e+00
    9.522770e+06    1.218290e+00
    9.563935e+06    1.230347e+00
    9.573440e+06    1.232329e+00
    9.611440e+06    1.226074e+00
    9.630440e+06    1.228804e+00
    9.672240e+06    1.250176e+00
    9.755850e+06    1.303180e+00
    9.797650e+06    1.325878e+00
    9.827341e+06    1.324278e+00
    9.892660e+06    1.282985e+00
    9.924730e+06    1.284079e+00
    1.006370e+07    1.374286e+00
    1.013330e+07    1.412154e+00
    1.020300e+07    1.431541e+00
    1.026000e+07    1.421262e+00
    1.031700e+07    1.389022e+00
    1.037400e+07    1.349170e+00
    1.043100e+07    1.316002e+00
    1.057816e+07    1.256557e+00
    1.060200e+07    1.246928e+00
    1.065900e+07    1.224824e+00
    1.066920e+07    1.222480e+00
    1.067930e+07    1.224553e+00
    1.068940e+07    1.232845e+00
    1.069960e+07    1.249125e+00
    1.070970e+07    1.243174e+00
    1.071990e+07    1.206150e+00
    1.073000e+07    1.171895e+00
    1.074010e+07    1.174288e+00
    1.076670e+07    1.242325e+00
    1.079330e+07    1.284682e+00
    1.081990e+07    1.310675e+00
    1.085540e+07    1.335433e+00
    1.086430e+07    1.338896e+00
    1.087310e+07    1.337508e+00
    1.088200e+07    1.328800e+00
    1.090730e+07    1.333231e+00
    1.093270e+07    1.393847e+00
    1.095800e+07    1.468427e+00
    1.098330e+07    1.514743e+00
    1.102890e+07    1.563452e+00
    1.107450e+07    1.627267e+00
    1.112010e+07    1.680504e+00
    1.116580e+07    1.697484e+00
    1.121770e+07    1.680118e+00
    1.132160e+07    1.634653e+00
    1.137350e+07    1.624769e+00
    1.142920e+07    1.644053e+00
    1.154070e+07    1.727296e+00
    1.159650e+07    1.739388e+00
    1.166990e+07    1.723846e+00
    1.170670e+07    1.711668e+00
    1.174340e+07    1.693548e+00
    1.175610e+07    1.697291e+00
    1.178140e+07    1.731810e+00
    1.179410e+07    1.735540e+00
    1.184350e+07    1.706220e+00
    1.190000e+07    1.679570e+00
    1.194230e+07    1.668080e+00
    1.199170e+07    1.672670e+00
    1.200280e+07    1.636170e+00
    1.204670e+07    1.606320e+00
    1.210000e+07    1.547960e+00
    1.213460e+07    1.513210e+00
    1.217850e+07    1.498130e+00
    1.235032e+07    1.532976e+00
    1.241000e+07    1.545080e+00
    1.246800e+07    1.554490e+00
    1.255680e+07    1.560100e+00
    1.269870e+07    1.553510e+00
    1.275000e+07    1.573140e+00
    1.284560e+07    1.659730e+00
    1.289460e+07    1.677100e+00
    1.293180e+07    1.660070e+00
    1.300610e+07    1.591950e+00
    1.304330e+07    1.571000e+00
    1.307700e+07    1.569750e+00
    1.315800e+07    1.591040e+00
    1.317840e+07    1.594900e+00
    1.322450e+07    1.589820e+00
    1.327970e+07    1.578980e+00
    1.333000e+07    1.582360e+00
    1.345540e+07    1.599190e+00
    1.360720e+07    1.612130e+00
    1.364120e+07    1.618960e+00
    1.373300e+07    1.650730e+00
    1.377290e+07    1.657330e+00
    1.384110e+07    1.648530e+00
    1.396040e+07    1.615730e+00
    1.402290e+07    1.608403e+00
    1.420000e+07    1.616050e+00
    1.431170e+07    1.627212e+00
    1.440800e+07    1.642721e+00
    1.461127e+07    1.686297e+00
    1.481741e+07    1.730487e+00
    1.486160e+07    1.739960e+00
    1.500250e+07    1.762810e+00
    1.509710e+07    1.743384e+00
    1.528630e+07    1.626778e+00
    1.538090e+07    1.603930e+00
    1.550000e+07    1.621438e+00
    1.563420e+07    1.643134e+00
    1.571870e+07    1.645939e+00
    1.578620e+07    1.638713e+00
    1.585380e+07    1.624616e+00
    1.592130e+07    1.604482e+00
    1.598890e+07    1.579142e+00
    1.608800e+07    1.566191e+00
    1.611330e+07    1.567153e+00
    1.631600e+07    1.603871e+00
    1.638360e+07    1.608426e+00
    1.646380e+07    1.598474e+00
    1.662430e+07    1.557680e+00
    1.670450e+07    1.553624e+00
    1.676570e+07    1.561607e+00
    1.682690e+07    1.573268e+00
    1.688810e+07    1.588637e+00
    1.705280e+07    1.637411e+00
    1.715630e+07    1.656006e+00
    1.725970e+07    1.664409e+00
    1.736320e+07    1.663530e+00
    1.760816e+07    1.648194e+00
    1.785658e+07    1.632642e+00
    1.786990e+07    1.631808e+00
    1.800000e+07    1.617180e+00
    1.816120e+07    1.595616e+00
    1.825840e+07    1.592636e+00
    1.847370e+07    1.603729e+00
    1.858140e+07    1.615239e+00
    1.868910e+07    1.634309e+00
    1.886640e+07    1.671989e+00
    1.895510e+07    1.683990e+00
    1.904380e+07    1.686313e+00
    1.920840e+07    1.674189e+00
    1.947940e+07    1.647734e+00
    1.953780e+07    1.642032e+00
    1.977430e+07    1.637182e+00
    1.984600e+07    1.636226e+00
    1.991780e+07    1.636705e+00
    2.000000e+07    1.640940e+00
    2.000000e+07    1.660200e+00
    2.028216e+07    1.659819e+00
    2.056831e+07    1.659433e+00
    2.085849e+07    1.659041e+00
    2.115277e+07    1.658644e+00
    2.145119e+07    1.658241e+00
    2.175383e+07    1.657832e+00
    2.200000e+07    1.657500e+00
    2.231038e+07    1.656088e+00
    2.262514e+07    1.654656e+00
    2.294434e+07    1.653203e+00
    2.326804e+07    1.651730e+00
    2.359631e+07    1.650237e+00
    2.392921e+07    1.648722e+00
    2.400000e+07    1.648400e+00
    2.433860e+07    1.645827e+00
    2.468197e+07    1.643217e+00
    2.503019e+07    1.640571e+00
    2.538332e+07    1.637887e+00
    2.574143e+07    1.635165e+00
    2.600000e+07    1.633200e+00
    2.636681e+07    1.629422e+00
    2.673880e+07    1.625590e+00
    2.711604e+07    1.621705e+00
    2.749860e+07    1.617764e+00
    2.788655e+07    1.613769e+00
    2.800000e+07    1.612600e+00
    2.839503e+07    1.607623e+00
    2.879563e+07    1.602575e+00
    2.920189e+07    1.597456e+00
    2.961387e+07    1.592265e+00
    3.000000e+07    1.587400e+00
    3.042325e+07    1.581199e+00
    3.085246e+07    1.574911e+00
    3.128774e+07    1.568535e+00
    3.172915e+07    1.562068e+00
    3.200000e+07    1.558100e+00
    3.245146e+07    1.550459e+00
    3.290929e+07    1.542710e+00
    3.337359e+07    1.534852e+00
    3.384443e+07    1.526883e+00
    3.432191e+07    1.518802e+00
    3.480613e+07    1.510606e+00
    3.529718e+07    1.502295e+00
    3.579516e+07    1.493867e+00
    3.600000e+07    1.490400e+00
    3.650790e+07    1.476611e+00
    3.702296e+07    1.462627e+00
    3.754528e+07    1.448446e+00
    3.800000e+07    1.436100e+00
    3.853611e+07    1.427844e+00
    3.907979e+07    1.419471e+00
    3.963113e+07    1.410981e+00
    4.000000e+07    1.405300e+00
    4.056433e+07    1.395509e+00
    4.113662e+07    1.385580e+00
    4.171698e+07    1.375510e+00
    4.200000e+07    1.370600e+00
    4.259254e+07    1.359223e+00
    4.319345e+07    1.347686e+00
    4.380283e+07    1.335986e+00
    4.400000e+07    1.332200e+00
    4.462076e+07    1.319257e+00
    4.525028e+07    1.306132e+00
    4.588868e+07    1.292821e+00
    4.653609e+07    1.279323e+00
    4.719263e+07    1.265634e+00
    4.785843e+07    1.251752e+00
    4.800000e+07    1.248800e+00
    4.867719e+07    1.236509e+00
    4.936394e+07    1.224044e+00
    5.000000e+07    1.212500e+00
    5.070541e+07    1.202074e+00
    5.142077e+07    1.191501e+00
    5.214623e+07    1.180779e+00
    5.288192e+07    1.169905e+00
    5.362798e+07    1.158878e+00
    5.438458e+07    1.147696e+00
    5.500000e+07    1.138600e+00
    5.577595e+07    1.124307e+00
    5.656285e+07    1.109812e+00
    5.736085e+07    1.095113e+00
    5.817011e+07    1.080207e+00
    5.899078e+07    1.065090e+00
    5.982304e+07    1.049760e+00
    6.000000e+07    1.046500e+00
    6.084649e+07    1.033010e+00
    6.170493e+07    1.019330e+00
    6.257547e+07    1.005457e+00
    6.345830e+07    9.913885e-01
    6.435358e+07    9.771213e-01
    6.500000e+07    9.668200e-01
    6.591703e+07    9.549169e-01
    6.684700e+07    9.428459e-01
    6.779009e+07    9.306046e-01
    6.874649e+07    9.181905e-01
    6.971638e+07    9.056014e-01
    7.000000e+07    9.019200e-01
    7.098757e+07    8.920028e-01
    7.198908e+07    8.819457e-01
    7.300472e+07    8.717466e-01
    7.403468e+07    8.614037e-01
    7.507918e+07    8.509149e-01
    7.613841e+07    8.402781e-01
    7.721259e+07    8.294912e-01
    7.830192e+07    8.185521e-01
    7.940662e+07    8.074588e-01
    8.000000e+07    8.015000e-01
    8.112866e+07    7.917631e-01
    8.227324e+07    7.818888e-01
    8.343396e+07    7.718752e-01
    8.461107e+07    7.617203e-01
    8.580478e+07    7.514222e-01
    8.701533e+07    7.409788e-01
    8.824296e+07    7.303880e-01
    8.948791e+07    7.196478e-01
    9.000000e+07    7.152300e-01
    9.126974e+07    7.050340e-01
    9.255739e+07    6.946942e-01
    9.386321e+07    6.842084e-01
    9.518745e+07    6.735748e-01
    9.653037e+07    6.627911e-01
    9.789224e+07    6.518553e-01
    9.927333e+07    6.407652e-01
    1.000000e+08    6.349300e-01
    1.014108e+08    6.273214e-01
    1.028415e+08    6.196056e-01
    1.042925e+08    6.117808e-01
    1.057638e+08    6.038457e-01
    1.072560e+08    5.957986e-01
    1.087692e+08    5.876379e-01
    1.100000e+08    5.810000e-01
    1.115519e+08    5.739109e-01
    1.131257e+08    5.667218e-01
    1.147217e+08    5.594313e-01
    1.163402e+08    5.520379e-01
    1.179816e+08    5.445402e-01
    1.196461e+08    5.369367e-01
    1.200000e+08    5.353200e-01
    1.216930e+08    5.283889e-01
    1.234099e+08    5.213601e-01
    1.251509e+08    5.142320e-01
    1.269166e+08    5.070034e-01
    1.287072e+08    4.996729e-01
    1.305230e+08    4.922389e-01
    1.323644e+08    4.847000e-01
    1.342319e+08    4.770548e-01
    1.361256e+08    4.693017e-01
    1.380461e+08    4.614392e-01
    1.399937e+08    4.534658e-01
    1.400000e+08    4.534400e-01
    1.419751e+08    4.510264e-01
    1.439782e+08    4.485787e-01
    1.460094e+08    4.460965e-01
    1.480694e+08    4.435792e-01
    1.500000e+08    4.412200e-01
    1.500000e+08    4.545230e-01
    1.521162e+08    4.509730e-01
    1.542623e+08    4.473730e-01
    1.564387e+08    4.437221e-01
    1.580000e+08    4.411030e-01
    1.602291e+08    4.380621e-01
    1.624896e+08    4.349782e-01
    1.647821e+08    4.318509e-01
    1.671069e+08    4.286794e-01
    1.680000e+08    4.274610e-01
    1.703702e+08    4.248988e-01
    1.727738e+08    4.223005e-01
    1.752113e+08    4.196656e-01
    1.776832e+08    4.169934e-01
    1.780000e+08    4.166510e-01
    1.805113e+08    4.145577e-01
    1.830579e+08    4.124348e-01
    1.856406e+08    4.102820e-01
    1.882596e+08    4.080988e-01
    1.900000e+08    4.066480e-01
    1.926806e+08    4.049413e-01
    1.953989e+08    4.032105e-01
    1.981557e+08    4.014553e-01
    2.000000e+08    4.002810e-01